59163.52527    7.94495 19.9 
59163.56852    7.94495 20.7 
59163.61044    7.94500 20.5 
59163.65199    7.94502 21.4 
59163.69396    7.94499 18.2 
59163.73678    7.94496 15.7 
59163.78024    7.94499 14.7 
59163.82224    7.94498 12.7 
59163.86460    7.94498 12.5 
59163.90837    7.94492 12.3 
59163.94506    7.94495 12.0 
59164.02175    7.94485 9.4 
59164.06432    7.94487 8.8 
59164.10732    7.94485 8.6 
59164.14963    7.94485 8.3 
59164.19236    7.94482 8.2 
59164.23497    7.94480 8.1 
59164.27850    7.94482 9.0 
59164.32025    7.94483 13.6 
59164.36225    7.94483 16.8 
59164.40449    7.94486 18.1 
59164.44806    7.94488 19.0 
59164.49051    7.94491 19.3 
59164.53367    7.94491 19.6 
59164.57810    7.94494 20.0 
59164.62207    7.94494 19.0 
59164.66435    7.94496 18.5 
59164.70756    7.94496 16.9 
59164.74987    7.94495 15.5 
59164.79197    7.94495 14.7 
59164.83469    7.94493 14.2 
59164.87693    7.94489 13.4 
59164.92076    7.94490 11.5 
59164.95106    7.94487 10.8 
59165.02095    7.94483 10.4 
59165.06286    7.94486 9.6 
59165.10693    7.94486 9.3 
59165.14841    7.94481 9.9 
59165.19159    7.94485 10.0 
59165.23426    7.94484 10.2 
59165.27616    7.94481 10.3 
59165.31828    7.94479 14.7 
59165.36037    7.94481 17.5 
59165.40324    7.94487 18.8 
59165.44540    7.94488 20.2 
59165.48846    7.94489 20.8 
59165.53119    7.94490 21.9 
59165.57374    7.94500 21.4 
59165.61687    7.94498 20.8 
59165.65899    7.94499 20.1 
59165.70206    7.94496 18.8 
59165.74471    7.94500 17.2 
59165.78695    7.94500 16.1 
59165.82867    7.94496 15.3 
59165.87176    7.94496 14.8 
59165.91510    7.94494 14.1 
59165.94807    7.94495 13.2 
59166.02144    7.94487 12.4 
59166.06536    7.94488 12.0 
59166.10765    7.94490 11.9 
59166.15048    7.94487 11.2 
59166.19441    7.94489 11.1 
59166.23651    7.94487 11.1 
59166.27967    7.94485 11.5 
59166.32211    7.94487 15.5 
59166.36372    7.94484 18.3 
59166.40635    7.94487 19.0 
59166.44869    7.94496 20.1 
59166.49163    7.94496 21.3 
59166.53359    7.94503 21.2 
59166.57562    7.94501 21.2 
59166.61840    7.94505 21.0 
59166.66212    7.94508 19.7 
59166.70601    7.94507 17.6 
59166.74921    7.94505 15.6 
59166.79196    7.94502 14.7 
59166.83472    7.94505 13.7 
59166.87746    7.94500 12.4 
59166.92060    7.94502 11.3 
59166.95002    7.94500 11.5 
59167.02150    7.94493 10.5 
59167.06354    7.94495 10.1 
59167.10502    7.94494 10.0 
59167.14859    7.94495 10.4 
59167.19022    7.94492 10.5 
59167.23299    7.94491 10.5 
59167.27582    7.94489 10.6 
59167.31967    7.94494 14.3 
59167.36279    7.94491 17.6 
59167.40659    7.94487 18.7 
59167.44950    7.94496 20.1 
59167.49160    7.94496 20.9 
59167.53429    7.94500 21.4 
59167.57701    7.94498 21.4 
59167.61979    7.94503 21.0 
59167.66320    7.94505 20.3 
59167.70494    7.94505 18.8 
59167.74777    7.94503 17.4 
59167.79131    7.94504 16.5 
59167.83455    7.94502 15.9 
59167.87656    7.94504 14.8 
59167.91879    7.94493 14.3 
59167.95006    7.94501 14.2 
59168.02205    7.94496 13.4 
59168.06404    7.94491 12.9 
59168.10742    7.94494 13.0 
59168.14863    7.94493 12.9 
59168.19177    7.94487 11.9 
59168.23483    7.94489 12.6 
59168.27855    7.94490 13.0 
59168.32128    7.94489 15.0 
59168.36424    7.94492 18.5 
59168.40765    7.94497 20.6 
59168.44980    7.94496 21.4 
59168.49231    7.94496 22.1 
59168.53505    7.94502 23.1 
59168.57777    7.94505 22.8 
59168.62001    7.94502 23.1 
59168.66297    7.94507 21.6 
59168.70629    7.94503 20.1 
59168.74834    7.94505 19.3 
59168.79058    7.94505 18.2 
59168.83380    7.94505 17.5 
59168.87740    7.94505 16.7 
59168.91949    7.94504 16.6 
59168.95079    7.94502 16.7 
59169.02206    7.94499 15.7 
59169.06530    7.94504 14.9 
59169.10725    7.94500 14.7 
59169.14950    7.94500 14.6 
59169.19232    7.94495 14.7 
59169.23435    7.94499 14.8 
59169.27676    7.94495 15.3 
59169.31959    7.94496 16.2 
59169.36243    7.94494 18.0 
59169.40551    7.94498 19.8 
59169.44837    7.94498 21.5 
59169.49186    7.94503 21.5 
59169.53344    7.94502 21.3 
59169.57810    7.94503 21.1 
59169.62051    7.94505 21.3 
59169.66401    7.94503 20.9 
59169.70767    7.94503 19.8 
59169.75187    7.94502 19.0 
59169.79368    7.94504 18.5 
59169.83545    7.94505 18.4 
59169.87757    7.94506 18.4 
59169.92041    7.94500 18.7 
59169.95071    7.94500 18.9 
59170.02173    7.94496 18.9 
59170.06379    7.94501 18.5 
59170.10540    7.94499 18.9 
59170.14819    7.94501 19.0 
59170.19190    7.94501 19.2 
59170.23532    7.94501 19.3 
59170.27698    7.94505 19.7 
59170.31968    7.94502 20.2 
59170.36358    7.94505 21.7 
59170.40666    7.94501 22.4 
59170.44956    7.94506 22.8 
59170.49331    7.94510 23.4 
59170.53602    7.94508 23.3 
59170.57793    7.94508 23.4 
59170.62109    7.94507 23.1 
59170.66489    7.94512 22.7 
59170.70861    7.94512 22.3 
59170.75138    7.94509 21.7 
59170.79469    7.94510 21.3 
59170.83740    7.94506 21.4 
59170.88021    7.94507 21.1 
59170.92293    7.94511 21.1 
59170.95155    7.94510 20.9 
59171.02166    7.94503 20.6 
59171.06404    7.94507 20.8 
59171.10490    7.94503 20.9 
59171.14898    7.94503 21.1 
59171.19205    7.94510 21.0 
59171.23499    7.94506 21.0 
59171.27667    7.94506 21.1 
59171.31922    7.94508 21.9 
59171.36214    7.94511 23.5 
59171.40519    7.94515 25.1 
59171.44799    7.94510 26.0 
59171.48964    7.94515 26.6 
59171.53269    7.94516 27.6 
59171.57578    7.94520 28.1 
59171.61846    7.94518 27.7 
59171.66118    7.94519 28.1 
59171.70290    7.94518 26.0 
59171.74474    7.94520 24.3 
59171.78682    7.94520 23.5 
59171.82972    7.94519 23.5 
59171.87247    7.94518 23.2 
59171.91511    7.94519 22.8 
59171.94778    7.94519 22.9 
59172.02248    7.94514 22.5 
59172.06549    7.94519 22.3 
59172.10700    7.94516 21.9 
59172.15116    7.94515 22.0 
59172.19406    7.94514 20.9 
59172.23734    7.94516 19.9 
59172.28047    7.94511 19.4 
59172.32376    7.94515 19.5 
59172.36590    7.94517 19.6 
59172.40912    7.94513 19.4 
59172.45247    7.94511 19.2 
59172.49592    7.94516 19.5 
59172.53789    7.94515 21.4 
59172.58076    7.94522 21.0 
59172.62472    7.94516 21.4 
59172.66698    7.94518 20.9 
59172.70937    7.94516 20.2 
59172.75215    7.94517 19.8 
59172.79494    7.94515 19.5 
59172.83752    7.94518 18.9 
59172.88148    7.94511 18.8 
59172.92559    7.94514 18.3 
59172.95398    7.94512 17.6 
59173.02170    7.94507 15.5 
59173.06496    7.94507 14.7 
59173.10715    7.94508 14.8 
59173.14952    7.94510 14.7 
59173.19225    7.94507 14.5 
59173.23483    7.94505 14.6 
59173.27810    7.94504 14.6 
59173.32107    7.94504 15.5 
59173.36417    7.94506 15.5 
59173.40687    7.94504 15.1 
59173.44793    7.94502 14.8 
59173.49142    7.94500 15.2 
59173.53297    7.94502 15.7 
59173.57623    7.94499 15.6 
59173.61953    7.94501 15.8 
59173.66220    7.94499 15.5 
59173.70526    7.94499 14.7 
59173.74804    7.94499 14.3 
59173.79080    7.94499 13.8 
59173.83360    7.94499 13.5 
59173.87654    7.94497 13.6 
59173.92037    7.94497 13.7 
59173.95076    7.94495 13.7 
59174.02175    7.94490 13.8 
59174.06347    7.94491 13.7 
59174.10725    7.94495 14.2 
59174.14890    7.94490 14.3 
59174.19007    7.94493 14.3 
59174.23290    7.94493 14.5 
59174.27657    7.94493 14.7 
59174.31938    7.94493 15.2 
59174.36212    7.94491 15.7 
59174.40522    7.94488 16.1 
59174.44846    7.94490 16.6 
59174.49024    7.94491 16.9 
59174.53239    7.94492 17.3 
59174.57377    7.94487 17.4 
59174.61690    7.94492 17.4 
59174.65922    7.94492 17.5 
59174.70268    7.94486 17.4 
59174.74553    7.94494 17.4 
59174.78752    7.94490 17.5 
59174.82888    7.94489 17.5 
59174.87110    7.94490 17.6 
59174.91387    7.94493 17.7 
59174.94706    7.94490 17.7 
59175.02231    7.94482 16.9 
59175.06519    7.94490 16.8 
59175.10943    7.94489 16.4 
59175.15316    7.94483 16.0 
59175.19639    7.94489 15.7 
59175.23935    7.94491 14.5 
59175.28222    7.94489 14.1 
59175.32405    7.94485 13.6 
59175.36661    7.94486 12.9 
59175.40960    7.94483 12.4 
59175.45255    7.94484 12.2 
59175.49510    7.94480 12.3 
59175.53736    7.94480 12.1 
59175.58102    7.94479 12.2 
59175.62363    7.94482 12.2 
59175.66556    7.94479 12.1 
59175.70808    7.94480 12.2 
59175.75069    7.94481 11.7 
59175.79277    7.94476 11.6 
59175.83512    7.94477 11.8 
59175.87762    7.94479 11.8 
59175.92085    7.94475 11.6 
59175.95112    7.94474 11.6 
59176.02195    7.94472 11.0 
59176.06430    7.94471 10.5 
59176.10704    7.94472 10.2 
59176.15070    7.94472 10.0 
59176.19381    7.94469 9.9 
59176.23630    7.94469 9.9 
59176.28005    7.94468 9.9 
59176.32252    7.94469 10.1 
59176.36511    7.94469 10.5 
59176.40837    7.94464 11.3 
59176.44949    7.94465 11.9 
59176.49312    7.94467 12.0 
59176.53550    7.94468 12.3 
59176.57814    7.94468 12.3 
59176.62074    7.94467 12.2 
59176.66354    7.94470 12.2 
59176.70785    7.94468 12.1 
59176.75168    7.94465 12.0 
59176.79544    7.94468 11.1 
59176.83817    7.94467 10.2 
59176.88036    7.94466 9.8 
59176.92225    7.94460 9.4 
59176.95133    7.94467 9.3 
59177.02170    7.94459 9.4 
59177.06412    7.94460 9.3 
59177.10526    7.94462 9.3 
59177.14790    7.94463 9.2 
59177.19065    7.94460 9.1 
59177.23341    7.94463 9.1 
59177.27668    7.94457 9.1 
59177.31945    7.94458 9.2 
59177.36110    7.94458 9.6 
59177.40383    7.94460 9.8 
59177.44692    7.94459 10.2 
59177.48990    7.94460 10.6 
59177.53271    7.94455 11.0 
59177.57434    7.94456 11.1 
59177.61618    7.94456 11.3 
59177.65934    7.94459 11.1 
59177.70207    7.94456 11.0 
59177.74478    7.94459 11.0 
59177.78749    7.94458 11.0 
59177.82984    7.94454 10.9 
59177.87259    7.94457 10.9 
59177.91527    7.94455 10.9 
59177.94759    7.94452 11.0 
59178.02143    7.94450 11.1 
59178.06355    7.94453 11.2 
59178.10464    7.94455 11.0 
59178.14822    7.94455 10.6 
59178.19150    7.94456 10.4 
59178.23433    7.94452 10.6 
59178.27810    7.94455 10.9 
59178.32077    7.94452 11.4 
59178.36289    7.94451 12.0 
59178.40587    7.94455 12.5 
59178.44850    7.94456 12.9 
59178.49022    7.94453 13.3 
59178.53303    7.94455 13.6 
59178.57632    7.94453 13.6 
59178.61909    7.94450 13.8 
59178.66277    7.94454 14.0 
59178.70655    7.94454 14.1 
59178.74969    7.94454 13.7 
59178.79157    7.94453 13.7 
59178.83402    7.94453 13.9 
59178.87702    7.94455 13.5 
59178.91892    7.94457 13.2 
59178.94967    7.94460 13.3 
59179.02177    7.94452 13.4 
59179.06468    7.94451 13.0 
59179.10619    7.94455 12.8 
59179.15032    7.94453 12.5 
59179.19404    7.94456 12.3 
59179.23783    7.94453 12.1 
59179.28070    7.94448 11.9 
59179.32289    7.94452 11.9 
59179.36449    7.94454 12.0 
59179.40740    7.94456 12.1 
59179.45098    7.94454 12.1 
59179.49453    7.94455 12.1 
59179.53711    7.94450 11.9 
59179.58086    7.94453 11.8 
59179.62466    7.94448 11.8 
59179.66771    7.94449 11.7 
59179.71039    7.94452 11.7 
59179.75314    7.94449 11.9 
59179.79732    7.94448 12.4 
59179.84124    7.94449 12.8 
59179.88503    7.94450 13.1 
59179.92784    7.94449 12.6 
59179.95451    7.94446 12.4 
59180.02185    7.94448 12.4 
59180.06432    7.94451 12.4 
59180.10397    7.94452 12.3 
59180.14771    7.94451 12.1 
59180.18952    7.94452 11.9 
59180.23120    7.94451 11.8 
59180.27400    7.94453 11.7 
59180.31680    7.94451 11.5 
59180.35995    7.94454 11.6 
59180.40371    7.94456 11.5 
59180.44644    7.94453 11.8 
59180.48826    7.94451 11.8 
59180.53035    7.94454 11.7 
59180.57315    7.94450 11.3 
59180.61589    7.94448 11.4 
59180.65759    7.94450 10.9 
59180.69951    7.94452 10.9 
59180.74266    7.94449 10.8 
59180.78640    7.94450 10.8 
59180.83019    7.94450 10.6 
59180.87317    7.94452 10.2 
59180.91621    7.94453 10.2 
59180.94853    7.94452 10.2 
59181.02159    7.94445 9.8 
59181.06443    7.94445 9.5 
59181.10546    7.94447 9.4 
59181.14819    7.94447 9.2 
59181.19092    7.94446 8.7 
59181.23267    7.94447 8.1 
59181.27587    7.94443 7.6 
59181.31867    7.94445 8.9 
59181.36037    7.94447 10.5 
59181.40310    7.94445 10.1 
59181.44606    7.94443 11.2 
59181.48816    7.94447 11.5 
59181.52981    7.94446 11.5 
59181.57151    7.94445 11.4 
59181.61325    7.94448 10.9 
59181.65656    7.94443 10.6 
59181.70028    7.94447 10.3 
59181.74300    7.94445 9.9 
59181.78473    7.94446 9.7 
59181.82763    7.94444 9.4 
59181.87183    7.94447 9.1 
59181.91559    7.94446 8.8 
59181.94903    7.94445 8.7 
59182.02217    7.94442 8.3 
59182.06393    7.94442 8.0 
59182.10795    7.94440 7.7 
59182.15067    7.94438 7.5 
59182.19280    7.94440 7.1 
59182.23467    7.94438 6.5 
59182.27738    7.94440 6.2 
59182.32009    7.94440 7.9 
59182.36289    7.94440 9.1 
59182.40725    7.94438 10.4 
59182.44991    7.94445 11.9 
59182.49162    7.94446 13.3 
59182.53442    7.94447 13.0 
59182.57752    7.94455 12.8 
59182.61935    7.94449 12.6 
59182.66212    7.94450 11.7 
59182.70588    7.94448 9.8 
59182.74878    7.94450 9.2 
59182.79089    7.94449 8.4 
59182.83365    7.94450 8.6 
59182.87740    7.94449 8.1 
59182.92117    7.94444 7.4 
59182.95056    7.94443 7.4 
59183.01781    7.94442 7.2 
59183.06552    7.94447 7.3 
59183.10869    7.94441 7.3 
59183.15046    7.94447 7.1 
59183.19215    7.94438 6.6 
59183.23492    7.94442 6.7 
59183.27802    7.94440 6.5 
59183.31992    7.94445 7.1 
59183.36264    7.94443 8.5 
59183.40642    7.94438 10.7 
59183.44931    7.94442 12.2 
59183.49244    7.94447 12.6 
59183.53523    7.94450 13.2 
59183.57693    7.94447 13.5 
59183.61962    7.94450 13.3 
59183.66272    7.94452 12.2 
59183.70470    7.94449 11.0 
59183.74628    7.94451 10.1 
59183.78812    7.94446 9.2 
59183.82991    7.94448 8.4 
59183.87305    7.94445 8.1 
59183.91688    7.94443 7.9 
59183.94919    7.94445 7.5 
59184.01638    7.94442 8.5 
59184.06547    7.94441 8.7 
59184.10825    7.94441 8.3 
59184.15087    7.94440 7.5 
59184.19365    7.94441 7.1 
59184.23595    7.94437 6.6 
59184.27865    7.94436 6.1 
59184.32239    7.94442 8.6 
59184.36518    7.94444 12.2 
59184.40712    7.94444 13.1 
59184.45016    7.94444 14.0 
59184.49606    7.94449 15.1 
59184.53581    7.94447 15.3 
59184.57756    7.94453 15.4 
59184.61987    7.94453 14.4 
59184.66208    7.94454 13.6 
59184.70443    7.94453 13.1 
59184.74679    7.94449 12.8 
59184.78825    7.94451 12.4 
59184.83034    7.94452 12.1 
59184.87201    7.94449 11.7 
59184.91404    7.94451 11.2 
59184.94707    7.94451 11.0 
59185.02233    7.94448 10.2 
59185.06459    7.94447 9.1 
59185.10657    7.94448 9.7 
59185.14872    7.94448 9.9 
59185.19085    7.94449 10.2 
59185.23207    7.94447 10.9 
59185.27622    7.94447 10.7 
59185.31907    7.94448 11.1 
59185.36041    7.94448 11.8 
59185.40289    7.94450 12.3 
59185.44499    7.94446 12.6 
59185.48663    7.94447 13.2 
59185.52923    7.94448 13.1 
59185.57156    7.94450 12.8 
59185.61448    7.94450 12.4 
59185.65681    7.94452 12.0 
59185.69890    7.94449 11.5 
59185.74146    7.94448 11.2 
59185.78399    7.94448 10.9 
59185.82678    7.94448 10.7 
59185.86960    7.94446 10.4 
59185.91184    7.94445 10.1 
59185.94634    7.94446 10.0 
59186.02160    7.94444 9.6 
59186.06345    7.94447 9.4 
59186.10573    7.94447 9.2 
59186.14845    7.94444 8.7 
59186.19087    7.94446 8.7 
59186.23343    7.94445 8.5 
59186.27588    7.94445 8.5 
59186.31787    7.94447 8.5 
59186.36022    7.94446 9.0 
59186.40258    7.94448 9.7 
59186.44444    7.94446 10.3 
59186.48692    7.94448 10.7 
59186.52883    7.94449 11.0 
59186.57111    7.94448 11.3 
59186.61364    7.94446 10.6 
59186.65535    7.94448 10.1 
59186.69730    7.94446 9.4 
59186.73988    7.94445 8.6 
59186.78187    7.94446 8.3 
59186.82512    7.94446 7.3 
59186.86762    7.94447 6.6 
59186.90947    7.94442 6.2 
59186.94493    7.94442 5.9 
59187.02195    7.94439 5.1 
59187.06317    7.94438 4.7 
59187.10496    7.94439 4.2 
59187.14770    7.94437 3.8 
59187.18949    7.94434 3.4 
59187.23238    7.94432 4.0 
59187.27448    7.94433 4.4 
59187.31636    7.94430 5.1 
59187.35901    7.94432 5.8 
59187.40193    7.94434 7.2 
59187.44485    7.94435 8.3 
59187.48677    7.94435 8.5 
59187.52914    7.94436 9.4 
59187.57101    7.94437 9.9 
59187.61391    7.94441 9.7 
59187.65552    7.94435 9.4 
59187.69789    7.94439 8.2 
59187.74080    7.94437 6.8 
59187.78260    7.94434 6.1 
59187.82491    7.94438 5.4 
59187.86691    7.94435 5.1 
59187.90895    7.94433 5.1 
59187.94440    7.94433 3.9 
59188.02210    7.94430 3.1 
59188.06471    7.94431 3.1 
59188.10687    7.94431 2.9 
59188.14924    7.94429 2.7 
59188.19159    7.94427 2.9 
59188.23452    7.94428 3.4 
59188.27676    7.94428 4.3 
59188.32005    7.94429 5.6 
59188.36273    7.94427 7.2 
59188.40410    7.94428 8.7 
59188.44643    7.94430 9.7 
59188.48940    7.94433 10.1 
59188.53125    7.94434 10.5 
59188.57447    7.94434 10.4 
59188.61683    7.94433 10.3 
59188.65995    7.94433 9.8 
59188.70151    7.94437 9.3 
59188.74401    7.94434 8.8 
59188.78613    7.94434 7.2 
59188.82935    7.94436 5.9 
59188.87243    7.94428 6.3 
59188.91541    7.94432 5.3 
59188.94746    7.94432 5.3 
59189.02091    7.94428 6.7 
59189.06316    7.94434 7.1 
59189.10528    7.94435 7.3 
59189.14792    7.94433 7.6 
59189.19029    7.94431 7.7 
59189.23224    7.94434 8.1 
59189.27479    7.94431 8.1 
59189.31784    7.94432 8.3 
59189.36044    7.94433 9.5 
59189.40282    7.94438 11.1 
59189.44592    7.94437 12.4 
59189.48875    7.94436 14.4 
59189.53079    7.94439 15.4 
59189.57287    7.94437 15.2 
59189.61436    7.94440 15.1 
59189.65723    7.94441 14.7 
59189.69949    7.94443 13.9 
59189.74183    7.94442 13.2 
59189.78455    7.94443 12.7 
59189.82758    7.94444 12.5 
59189.86934    7.94440 12.1 
59189.91322    7.94446 12.0 
59189.94638    7.94446 11.9 
59190.02147    7.94444 11.8 
59190.06339    7.94443 11.6 
59190.10577    7.94444 10.8 
59190.14805    7.94442 10.0 
59190.18982    7.94442 8.9 
59190.23208    7.94444 8.6 
59190.27453    7.94439 9.4 
59190.31555    7.94443 10.8 
59190.35812    7.94443 12.2 
59190.39974    7.94444 13.4 
59190.44186    7.94444 14.3 
59190.48474    7.94450 14.0 
59190.52710    7.94446 13.8 
59190.56973    7.94449 13.7 
59190.61186    7.94447 12.9 
59190.65296    7.94445 12.2 
59190.69625    7.94452 11.2 
59190.73791    7.94444 10.8 
59190.78019    7.94449 10.2 
59190.82237    7.94448 9.5 
59190.86459    7.94448 9.3 
59190.90568    7.94445 9.3 
59190.94295    7.94446 9.2 
59191.02054    7.94444 8.7 
59191.06389    7.94442 8.3 
59191.10596    7.94444 8.4 
59191.14828    7.94446 8.8 
59191.19094    7.94441 9.2 
59191.23330    7.94447 9.5 
59191.27619    7.94444 9.4 
59191.31797    7.94442 9.5 
59191.36109    7.94442 9.9 
59191.40244    7.94445 10.2 
59191.44499    7.94443 10.3 
59191.48739    7.94437 10.7 
59191.53112    7.94440 10.7 
59191.57331    7.94437 10.8 
59191.61553    7.94444 10.9 
59191.65872    7.94440 10.5 
59191.70071    7.94443 10.1 
59191.74317    7.94445 9.9 
59191.78513    7.94440 9.6 
59191.82842    7.94439 9.2 
59191.87070    7.94444 7.6 
59191.91282    7.94441 6.5 
59191.94652    7.94443 6.4 
59192.02223    7.94437 5.9 
59192.06377    7.94439 5.8 
59192.10792    7.94436 5.5 
59192.14971    7.94437 5.3 
59192.19141    7.94436 4.9 
59192.23298    7.94436 4.9 
59192.27741    7.94433 4.4 
59192.31883    7.94434 5.2 
59192.36078    7.94436 9.2 
59192.40382    7.94436 12.1 
59192.44610    7.94441 13.9 
59192.48882    7.94443 14.8 
59192.53115    7.94446 15.6 
59192.57359    7.94448 15.8 
59192.61623    7.94449 16.1 
59192.65896    7.94451 14.8 
59192.70074    7.94451 14.1 
59192.74301    7.94449 13.5 
59192.78605    7.94449 13.1 
59192.82936    7.94450 12.8 
59192.87170    7.94446 12.5 
59192.91453    7.94452 12.2 
59192.94784    7.94453 12.3 
59193.02203    7.94447 11.3 
59193.06384    7.94450 11.1 
59193.10554    7.94448 11.0 
59193.14792    7.94449 11.1 
59193.19025    7.94448 10.8 
59193.23191    7.94450 11.1 
59193.27388    7.94446 11.1 
59193.31595    7.94448 11.1 
59193.35849    7.94450 11.5 
59193.40135    7.94451 12.0 
59193.44397    7.94452 12.4 
59193.48678    7.94449 12.6 
59193.52980    7.94447 12.3 
59193.57116    7.94449 12.0 
59193.61364    7.94449 11.8 
59193.65515    7.94448 11.5 
59193.69766    7.94448 11.1 
59193.74016    7.94449 10.8 
59193.78233    7.94453 10.6 
59193.82402    7.94451 10.5 
59193.86637    7.94450 10.4 
59193.90921    7.94450 10.3 
59193.94467    7.94448 10.2 
59194.02261    7.94449 9.9 
59194.06581    7.94449 9.6 
59194.10826    7.94444 9.7 
59194.15139    7.94449 9.7 
59194.19468    7.94447 9.7 
59194.23741    7.94448 9.8 
59194.28014    7.94451 9.7 
59194.32322    7.94446 9.9 
59194.36586    7.94442 9.9 
59194.40781    7.94442 9.8 
59194.45041    7.94446 10.3 
59194.49326    7.94447 10.6 
59194.53602    7.94446 10.6 
59194.57824    7.94448 10.5 
59194.62119    7.94446 10.7 
59194.66271    7.94444 10.8 
59194.70432    7.94443 10.3 
59194.74707    7.94443 10.1 
59194.78877    7.94443 10.2 
59194.83201    7.94444 10.0 
59194.87469    7.94446 9.9 
59194.91731    7.94444 9.2 
59194.94958    7.94444 8.2 
59195.02211    7.94442 7.9 
59195.06276    7.94440 7.4 
59195.10650    7.94444 6.9 
59195.14927    7.94441 6.2 
59195.19206    7.94441 5.7 
59195.23411    7.94440 5.6 
59195.27656    7.94439 5.1 
59195.31866    7.94435 5.2 
59195.36159    7.94438 6.8 
59195.40407    7.94437 8.5 
59195.44689    7.94437 9.8 
59195.48858    7.94443 10.8 
59195.53217    7.94443 11.3 
59195.57507    7.94444 11.9 
59195.61763    7.94442 12.2 
59195.65937    7.94444 11.7 
59195.70173    7.94446 9.8 
59195.74404    7.94442 7.5 
59195.78638    7.94446 6.6 
59195.83017    7.94443 5.9 
59195.87269    7.94439 4.7 
59195.91503    7.94440 3.9 
59195.94776    7.94437 3.2 
59196.02191    7.94436 3.3 
59196.06534    7.94441 3.0 
59196.10731    7.94438 2.9 
59196.15022    7.94434 2.5 
59196.19209    7.94433 2.7 
59196.23444    7.94428 2.9 
59196.27606    7.94431 3.0 
59196.31798    7.94431 3.7 
59196.35953    7.94432 6.0 
59196.40261    7.94430 9.4 
59196.44512    7.94432 11.4 
59196.48786    7.94435 12.9 
59196.52927    7.94438 13.7 
59196.57253    7.94436 13.7 
59196.61489    7.94441 13.3 
59196.65809    7.94441 11.7 
59196.69959    7.94441 9.1 
59196.74173    7.94438 8.4 
59196.78347    7.94438 8.3 
59196.82640    7.94438 7.8 
59196.86974    7.94438 7.3 
59196.91204    7.94437 6.6 
59196.94630    7.94436 4.8 
59197.02154    7.94433 3.2 
59197.06381    7.94429 2.8 
59197.10633    7.94430 2.7 
59197.14909    7.94433 2.5 
59197.19083    7.94431 2.3 
59197.23279    7.94428 2.1 
59197.27439    7.94427 2.1 
59197.31612    7.94430 2.0 
59197.35808    7.94427 2.9 
59197.40236    7.94429 4.2 
59197.44292    7.94429 4.8 
59197.48627    7.94429 5.4 
59197.52908    7.94428 5.5 
59197.57257    7.94431 5.9 
59197.61513    7.94427 5.5 
59197.65859    7.94431 4.6 
59197.70032    7.94425 3.9 
59197.74339    7.94425 3.5 
59197.78499    7.94430 3.4 
59197.82701    7.94429 3.2 
59197.86988    7.94426 3.2 
59197.91243    7.94427 3.1 
59197.94645    7.94425 2.8 
59198.02189    7.94420 2.5 
59198.06458    7.94421 2.1 
59198.10641    7.94426 2.0 
59198.14879    7.94420 1.4 
59198.19151    7.94420 0.5 
59198.23316    7.94418 0.1 
59198.27643    7.94419 -0.3 
59198.31922    7.94418 0.4 
59198.36153    7.94416 2.3 
59198.40350    7.94422 4.2 
59198.44721    7.94417 5.2 
59198.48936    7.94423 6.1 
59198.53179    7.94422 6.6 
59198.57517    7.94425 6.8 
59198.61893    7.94426 6.6 
59198.66157    7.94425 5.8 
59198.70460    7.94425 4.4 
59198.74705    7.94426 3.4 
59198.78949    7.94426 4.0 
59198.83188    7.94424 4.1 
59198.87399    7.94423 3.7 
59198.91736    7.94423 3.1 
59198.94921    7.94423 2.4 
59199.02213    7.94420 2.8 
59199.06440    7.94422 2.8 
59199.10653    7.94418 2.4 
59199.14906    7.94419 1.1 
59199.19279    7.94418 0.4 
59199.23426    7.94419 0.1 
59199.27348    7.94414 -0.3 
59199.31920    7.94413 0.5 
59199.36106    7.94415 3.0 
59199.40251    7.94419 4.8 
59199.44472    7.94423 6.0 
59199.48733    7.94423 6.9 
59199.52830    7.94428 7.4 
59199.57148    7.94425 7.8 
59199.61405    7.94425 7.7 
59199.65624    7.94424 7.1 
59199.69871    7.94426 5.3 
59199.74118    7.94428 4.1 
59199.78329    7.94423 3.2 
59199.82573    7.94423 2.4 
59199.86848    7.94424 2.2 
59199.90969    7.94424 1.7 
59199.94509    7.94423 1.8 
59200.02244    7.94420 1.0 
59200.06498    7.94418 1.4 
59200.10746    7.94419 2.4 
59200.14926    7.94418 2.4 
59200.19193    7.94416 2.7 
59200.23448    7.94415 2.6 
59200.27678    7.94416 2.5 
59200.31931    7.94416 3.1 
59200.36109    7.94417 4.3 
59200.40391    7.94416 5.7 
59200.44577    7.94420 7.3 
59200.48810    7.94421 8.3 
59200.52962    7.94426 9.2 
59200.57174    7.94426 9.8 
59200.61382    7.94431 9.8 
59200.65619    7.94426 8.9 
59200.69836    7.94427 7.9 
59200.74113    7.94428 6.5 
59200.78326    7.94426 5.3 
59200.82536    7.94431 5.0 
59200.86773    7.94426 5.1 
59200.91035    7.94427 5.5 
59200.94625    7.94424 6.1 
59201.02250    7.94426 6.0 
59201.06478    7.94428 5.8 
59201.10713    7.94423 5.4 
59201.15008    7.94428 5.2 
59201.19214    7.94424 5.0 
59201.23502    7.94425 4.9 
59201.27743    7.94424 4.8 
59201.31981    7.94424 4.6 
59201.36263    7.94421 5.0 
59201.40422    7.94422 5.4 
59201.44585    7.94422 6.1 
59201.48828    7.94421 6.9 
59201.53147    7.94425 7.1 
59201.57419    7.94423 7.1 
59201.61726    7.94421 7.0 
59201.66103    7.94422 6.4 
59201.70345    7.94425 6.5 
59201.74564    7.94425 6.5 
59201.78710    7.94426 6.4 
59201.82996    7.94421 6.3 
59201.87178    7.94423 6.0 
59201.91560    7.94423 5.7 
59201.94770    7.94427 5.4 
59202.02266    7.94425 5.1 
59202.06346    7.94422 5.0 
59202.10652    7.94422 4.8 
59202.15112    7.94420 5.1 
59202.19353    7.94420 5.5 
59202.23556    7.94421 5.5 
59202.27906    7.94422 4.9 
59202.32173    7.94422 5.3 
59202.36485    7.94423 6.5 
59202.40787    7.94421 7.8 
59202.44960    7.94421 8.5 
59202.49086    7.94420 8.9 
59202.53382    7.94422 9.1 
59202.57561    7.94420 9.0 
59202.61780    7.94425 8.6 
59202.66037    7.94425 7.4 
59202.70144    7.94422 6.2 
59202.74548    7.94425 4.9 
59202.78851    7.94418 4.1 
59202.82991    7.94420 3.1 
59202.87294    7.94419 3.3 
59202.91656    7.94419 4.0 
59202.94863    7.94419 4.0 
59203.02251    7.94420 3.8 
59203.06478    7.94418 3.6 
59203.10752    7.94415 3.3 
59203.14914    7.94417 2.5 
59203.19123    7.94418 1.9 
59203.23369    7.94415 1.4 
59203.27634    7.94412 2.2 
59203.31861    7.94414 2.5 
59203.36143    7.94415 4.9 
59203.40420    7.94410 6.5 
59203.44729    7.94416 7.7 
59203.48911    7.94417 8.4 
59203.53181    7.94422 8.8 
59203.57456    7.94421 9.1 
59203.61629    7.94424 9.1 
59203.65974    7.94424 8.5 
59203.70133    7.94425 6.6 
59203.74515    7.94421 5.2 
59203.78644    7.94425 4.7 
59203.82922    7.94423 3.1 
59203.87226    7.94419 1.4 
59203.91410    7.94415 1.0 
59203.94690    7.94419 1.0 
59204.02323    7.94418 -0.2 
59204.06636    7.94415 -0.3 
59204.10846    7.94413 -0.4 
59204.15165    7.94415 -1.2 
59204.19333    7.94413 -1.8 
59204.23755    7.94411 -1.9 
59204.27978    7.94409 -1.8 
59204.32364    7.94409 -0.9 
59204.36566    7.94412 2.6 
59204.41046    7.94412 6.3 
59204.45195    7.94416 7.9 
59204.49370    7.94421 9.1 
59204.53654    7.94425 10.2 
59204.57863    7.94422 10.4 
59204.61920    7.94428 10.8 
59204.66172    7.94427 9.7 
59204.70590    7.94430 7.3 
59204.74704    7.94428 5.0 
59204.79026    7.94428 2.4 
59204.83187    7.94421 2.2 
59204.87579    7.94422 0.9 
59204.91739    7.94424 0.2 
59204.95136    7.94426 -0.1 
59205.02281    7.94421 -0.4 
59205.06409    7.94420 -0.9 
59205.10695    7.94417 -1.2 
59205.15079    7.94417 -1.4 
59205.19328    7.94413 -1.7 
59205.23600    7.94415 -1.6 
59205.27903    7.94416 -1.6 
59205.32071    7.94413 -0.9 
59205.36323    7.94413 3.3 
59205.40560    7.94417 8.1 
59205.44816    7.94417 9.6 
59205.49035    7.94418 11.2 
59205.53227    7.94422 12.3 
59205.57691    7.94428 12.6 
59205.61828    7.94429 12.7 
59205.66040    7.94435 12.6 
59205.70249    7.94435 10.3 
59205.74489    7.94434 6.6 
59205.78747    7.94430 6.3 
59205.83007    7.94429 6.6 
59205.87239    7.94432 4.8 
59205.91493    7.94427 3.9 
59205.94742    7.94428 4.6 
59206.02180    7.94426 4.5 
59206.06427    7.94428 5.0 
59206.10668    7.94422 4.7 
59206.14926    7.94427 5.1 
59206.19133    7.94422 4.2 
59206.23264    7.94422 4.4 
59206.27525    7.94421 4.8 
59206.31733    7.94422 6.7 
59206.35934    7.94423 8.3 
59206.40208    7.94425 9.8 
59206.44498    7.94425 11.4 
59206.48773    7.94423 12.2 
59206.53091    7.94427 12.8 
59206.57290    7.94430 13.1 
59206.61509    7.94426 13.3 
59206.65743    7.94429 13.0 
59206.69956    7.94431 12.2 
59206.74207    7.94431 11.4 
59206.78384    7.94430 10.9 
59206.82660    7.94431 10.5 
59206.86880    7.94429 9.8 
59206.91110    7.94433 9.6 
59206.94539    7.94433 9.3 
59207.02217    7.94427 8.5 
59207.06524    7.94425 8.1 
59207.10748    7.94428 7.9 
59207.14986    7.94432 7.2 
59207.19161    7.94428 7.2 
59207.23398    7.94427 7.1 
59207.27592    7.94426 5.9 
59207.31870    7.94428 5.8 
59207.36104    7.94424 8.2 
59207.40411    7.94430 9.8 
59207.44646    7.94431 11.1 
59207.48850    7.94430 12.2 
59207.53070    7.94435 13.0 
59207.57291    7.94437 13.6 
59207.61614    7.94434 13.2 
59207.65833    7.94436 12.4 
59207.70108    7.94435 10.3 
59207.74263    7.94436 8.5 
59207.78549    7.94436 7.3 
59207.82813    7.94435 6.5 
59207.87074    7.94433 5.6 
59207.91312    7.94434 4.0 
59207.94697    7.94431 3.5 
59208.02146    7.94428 2.2 
59208.06327    7.94429 2.8 
59208.10573    7.94429 2.3 
59208.14759    7.94428 2.5 
59208.19019    7.94428 2.0 
59208.23255    7.94427 1.1 
59208.27233    7.94427 0.5 
59208.31723    7.94424 2.0 
59208.35937    7.94428 5.8 
59208.40161    7.94425 9.1 
59208.44443    7.94430 10.7 
59208.48719    7.94433 11.5 
59208.52907    7.94434 11.7 
59208.57119    7.94434 11.9 
59208.61276    7.94436 12.5 
59208.65478    7.94438 11.8 
59208.69724    7.94436 10.3 
59208.73954    7.94440 8.6 
59208.78185    7.94440 7.4 
59208.82406    7.94438 6.6 
59208.86619    7.94433 5.2 
59208.90825    7.94433 4.0 
59208.94458    7.94431 4.7 
59209.02171    7.94430 4.1 
59209.06395    7.94431 5.8 
59209.10587    7.94431 7.0 
59209.14877    7.94425 7.3 
59209.19179    7.94428 7.5 
59209.23461    7.94428 7.8 
59209.27647    7.94429 8.3 
59209.31894    7.94429 9.2 
59209.36115    7.94425 9.7 
59209.40393    7.94429 11.4 
59209.44649    7.94430 12.8 
59209.48931    7.94431 13.2 
59209.53144    7.94434 13.0 
59209.57408    7.94435 13.1 
59209.61594    7.94435 12.9 
59209.65842    7.94434 12.6 
59209.70068    7.94433 12.3 
59209.74348    7.94434 12.2 
59209.78539    7.94434 11.5 
59209.82709    7.94432 11.4 
59209.87013    7.94437 11.6 
59209.91248    7.94435 11.5 
59209.94650    7.94432 11.4 
59210.02207    7.94434 10.8 
59210.06384    7.94434 10.4 
59210.10568    7.94433 9.6 
59210.14831    7.94434 9.0 
59210.19074    7.94437 8.2 
59210.23259    7.94436 8.2 
59210.27428    7.94433 8.7 
59210.31682    7.94433 8.7 
59210.35998    7.94433 10.1 
59210.40340    7.94434 11.6 
59210.44650    7.94438 12.5 
59210.48921    7.94438 13.5 
59210.53190    7.94438 13.6 
59210.57448    7.94438 13.2 
59210.61687    7.94439 13.2 
59210.65936    7.94439 12.8 
59210.70135    7.94439 11.6 
59210.74281    7.94439 9.9 
59210.78547    7.94439 8.5 
59210.82834    7.94441 7.6 
59210.87080    7.94439 6.5 
59210.91334    7.94438 5.6 
59210.94656    7.94439 5.4 
59211.02211    7.94434 4.5 
59211.06444    7.94436 4.0 
59211.10697    7.94438 3.7 
59211.14837    7.94434 3.0 
59211.19091    7.94434 2.8 
59211.23377    7.94429 2.8 
59211.27564    7.94430 2.5 
59211.31787    7.94432 4.0 
59211.36095    7.94432 7.3 
59211.40383    7.94434 10.0 
59211.44661    7.94435 12.7 
59211.48876    7.94436 14.7 
59211.53047    7.94442 15.7 
59211.57343    7.94441 16.6 
59211.61659    7.94446 16.5 
59211.65834    7.94444 15.8 
59211.70109    7.94445 15.4 
59211.74283    7.94446 14.7 
59211.78491    7.94445 13.5 
59211.82730    7.94445 12.5 
59211.86992    7.94444 12.2 
59211.91275    7.94443 12.4 
59211.94642    7.94444 13.1 
59212.02196    7.94442 11.3 
59212.06436    7.94444 10.7 
59212.10741    7.94443 10.5 
59212.15000    7.94444 11.1 
59212.19319    7.94444 11.3 
59212.23566    7.94444 10.2 
59212.27774    7.94446 8.8 
59212.31962    7.94443 9.8 
59212.36162    7.94442 12.0 
59212.40440    7.94444 13.6 
59212.44718    7.94444 15.0 
59212.48869    7.94448 14.0 
59212.53185    7.94447 13.1 
59212.57427    7.94445 12.4 
59212.61767    7.94447 10.4 
59212.66000    7.94442 7.3 
59212.70261    7.94442 5.8 
59212.74533    7.94440 3.9 
59212.78790    7.94437 3.0 
59212.83024    7.94441 2.0 
59212.87297    7.94436 1.5 
59212.91525    7.94435 0.9 
59212.94785    7.94435 0.5 
59213.02016    7.94430 0.1 
59213.06376    7.94428 -0.5 
59213.10649    7.94425 -1.0 
59213.14859    7.94425 -1.9 
59213.19141    7.94425 -2.9 
59213.23409    7.94419 -3.6 
59213.27743    7.94417 -3.9 
59213.31964    7.94416 -3.9 
59213.36211    7.94415 -3.5 
59213.40440    7.94418 -3.1 
59213.44716    7.94420 -2.4 
59213.48966    7.94418 -1.9 
59213.53118    7.94416 -1.5 
59213.57371    7.94417 -1.2 
59213.61470    7.94417 -1.4 
59213.65827    7.94414 -2.0 
59213.70155    7.94411 -2.8 
59213.74366    7.94412 -3.3 
59213.78605    7.94408 -3.7 
59213.82925    7.94407 -4.2 
59213.87187    7.94405 -4.4 
59213.91412    7.94405 -4.8 
59213.94715    7.94403 -5.0 
59214.02210    7.94398 -5.5 
59214.06450    7.94401 -5.7 
59214.10696    7.94396 -5.9 
59214.14855    7.94396 -6.0 
59214.19103    7.94397 -6.1 
59214.23276    7.94392 -6.1 
59214.27549    7.94391 -6.2 
59214.31864    7.94392 -5.7 
59214.36033    7.94394 -4.4 
59214.40172    7.94394 -3.2 
59214.44368    7.94393 -2.0 
59214.48613    7.94394 -0.9 
59214.53042    7.94397 0.2 
59214.57014    7.94398 0.8 
59214.61286    7.94400 1.0 
59214.65520    7.94396 0.9 
59214.69851    7.94400 -0.2 
59214.73950    7.94396 -1.4 
59214.78164    7.94395 -2.0 
59214.82459    7.94395 -2.8 
59214.86710    7.94397 -3.5 
59214.90861    7.94394 -3.2 
59214.94477    7.94394 -3.0 
59215.02189    7.94389 -4.6 
59215.06390    7.94391 -4.8 
59215.10554    7.94386 -4.5 
59215.14721    7.94389 -5.5 
59215.18978    7.94386 -5.8 
59215.23257    7.94384 -5.9 
59215.27521    7.94386 -5.7 
59215.31735    7.94382 -4.8 
59215.36002    7.94383 -1.9 
59215.40314    7.94387 0.3 
59215.44481    7.94392 1.3 
59215.48714    7.94394 2.7 
59215.53001    7.94397 3.7 
59215.57169    7.94394 4.4 
59215.61377    7.94402 4.9 
59215.65639    7.94400 4.9 
59215.69893    7.94396 3.6 
59215.74079    7.94399 0.7 
59215.78366    7.94393 -1.6 
59215.82531    7.94397 -2.5 
59215.86737    7.94396 -3.2 
59215.90941    7.94398 -3.8 
59215.94514    7.94395 -4.1 
59216.02198    7.94390 -4.4 
59216.06387    7.94391 -4.7 
59216.10620    7.94390 -4.2 
59216.14894    7.94387 -5.0 
59216.19157    7.94390 -5.4 
59216.23352    7.94386 -5.6 
59216.27567    7.94387 -5.6 
59216.31857    7.94384 -4.3 
59216.36023    7.94384 -0.6 
59216.40207    7.94391 3.1 
59216.44393    7.94393 5.4 
59216.48720    7.94391 6.5 
59216.52991    7.94401 7.5 
59216.57226    7.94401 8.4 
59216.61520    7.94401 8.5 
59216.65752    7.94405 7.7 
59216.70067    7.94399 5.7 
59216.74303    7.94403 3.8 
59216.78514    7.94402 2.0 
59216.82887    7.94402 1.3 
59216.87153    7.94403 0.2 
59216.91255    7.94402 0.8 
59216.94659    7.94399 -0.2 
59217.02133    7.94397 -1.0 
59217.06341    7.94400 -1.9 
59217.10582    7.94399 -2.2 
59217.14691    7.94397 -2.0 
59217.18874    7.94395 -1.9 
59217.23094    7.94393 -2.3 
59217.27290    7.94396 -1.9 
59217.31593    7.94393 0.7 
59217.35748    7.94394 3.8 
59217.39906    7.94399 8.6 
59217.44074    7.94402 10.5 
59217.48316    7.94405 10.5 
59217.52493    7.94406 11.1 
59217.56683    7.94407 11.5 
59217.60936    7.94411 11.4 
59217.65262    7.94412 10.4 
59217.69510    7.94412 9.4 
59217.73788    7.94411 7.9 
59217.78041    7.94413 6.7 
59217.82373    7.94411 6.5 
59217.86622    7.94409 7.0 
59217.90876    7.94411 7.1 
59217.94439    7.94413 7.2 
59218.02163    7.94408 7.1 
59218.06384    7.94409 7.2 
59218.10654    7.94411 6.5 
59218.14841    7.94411 5.9 
59218.19048    7.94410 7.0 
59218.23339    7.94410 7.6 
59218.27561    7.94409 6.8 
59218.31850    7.94414 6.4 
59218.36161    7.94412 9.2 
59218.40485    7.94413 12.1 
59218.44696    7.94416 13.3 
59218.48940    7.94417 13.4 
59218.53112    7.94417 13.1 
59218.57412    7.94419 12.1 
59218.61679    7.94418 10.3 
59218.65967    7.94421 9.3 
59218.70147    7.94417 8.8 
59218.74449    7.94418 8.4 
59218.78708    7.94422 8.1 
59218.82861    7.94418 7.9 
59218.87189    7.94420 7.8 
59218.91410    7.94419 8.1 
59218.94720    7.94417 8.1 
59219.02145    7.94417 8.1 
59219.06513    7.94417 8.0 
59219.10823    7.94418 8.0 
59219.15054    7.94417 8.0 
59219.19221    7.94422 7.8 
59219.23432    7.94416 7.6 
59219.27669    7.94418 7.5 
59219.31833    7.94417 7.5 
59219.36138    7.94418 7.7 
59219.40401    7.94420 7.9 
59219.44581    7.94420 8.0 
59219.48790    7.94421 8.3 
59219.53093    7.94418 8.6 
59219.57284    7.94423 8.3 
59219.61501    7.94419 7.8 
59219.65701    7.94421 7.2 
59219.69976    7.94421 6.6 
59219.74285    7.94417 6.2 
59219.78466    7.94416 5.9 
59219.82761    7.94417 5.6 
59219.87013    7.94418 5.2 
59219.91263    7.94416 4.9 
59219.94658    7.94412 4.6 
59220.02181    7.94410 4.2 
59220.06387    7.94413 4.0 
59220.10618    7.94410 3.8 
59220.14816    7.94411 3.6 
59220.19020    7.94411 3.2 
59220.23258    7.94411 3.3 
59220.27548    7.94407 3.4 
59220.31784    7.94407 3.5 
59220.35965    7.94410 3.7 
59220.40132    7.94407 4.2 
59220.44367    7.94408 4.6 
59220.48609    7.94408 4.8 
59220.52845    7.94409 4.9 
59220.57057    7.94410 4.9 
59220.61302    7.94408 4.9 
59220.65550    7.94409 4.6 
59220.69841    7.94408 4.3 
59220.74021    7.94410 3.9 
59220.78203    7.94410 3.9 
59220.82485    7.94409 4.1 
59220.86732    7.94405 4.1 
59220.90965    7.94404 3.8 
59220.94440    7.94406 3.4 
59221.02170    7.94406 2.4 
59221.06441    7.94407 2.1 
59221.10596    7.94404 0.7 
59221.14886    7.94405 -0.3 
59221.19068    7.94401 -1.0 
59221.23233    7.94402 -2.0 
59221.27637    7.94401 -3.0 
59221.31877    7.94397 -3.6 
59221.36057    7.94396 -3.8 
59221.40307    7.94395 -3.8 
59221.44525    7.94397 -3.7 
59221.48763    7.94394 -3.9 
59221.52985    7.94391 -4.1 
59221.57141    7.94393 -4.2 
59221.61346    7.94393 -4.4 
59221.65544    7.94393 -4.8 
59221.69772    7.94389 -4.9 
59221.74067    7.94389 -5.2 
59221.78283    7.94389 -5.6 
59221.82497    7.94388 -6.0 
59221.86666    7.94387 -6.4 
59221.90891    7.94384 -6.3 
59221.94456    7.94380 -6.3 
59222.02185    7.94378 -6.9 
59222.06447    7.94378 -6.9 
59222.10632    7.94376 -6.8 
59222.14965    7.94377 -6.8 
59222.19188    7.94377 -7.1 
59222.23523    7.94376 -7.1 
59222.27818    7.94371 -7.0 
59222.32088    7.94371 -6.7 
59222.36330    7.94370 -5.4 
59222.40475    7.94371 -4.2 
59222.44805    7.94375 -3.1 
59222.48986    7.94375 -2.3 
59222.53331    7.94377 -1.5 
59222.57533    7.94379 -1.3 
59222.61792    7.94374 -1.0 
59222.66039    7.94379 -1.1 
59222.70179    7.94379 -1.7 
59222.74493    7.94375 -2.5 
59222.78631    7.94371 -2.7 
59222.82792    7.94374 -3.2 
59222.87085    7.94374 -3.4 
59222.91233    7.94370 -4.4 
59222.94677    7.94371 -4.4 
59223.02142    7.94369 -4.9 
59223.06294    7.94372 -4.7 
59223.10553    7.94371 -4.9 
59223.14793    7.94370 -4.8 
59223.19036    7.94368 -4.3 
59223.23309    7.94366 -4.6 
59223.27520    7.94366 -4.9 
59223.31719    7.94366 -4.1 
59223.35924    7.94370 -1.6 
59223.40358    7.94371 0.5 
59223.44439    7.94371 1.8 
59223.48734    7.94375 2.8 
59223.53024    7.94377 3.8 
59223.57356    7.94379 4.1 
59223.61569    7.94384 4.0 
59223.65771    7.94384 3.5 
59223.69978    7.94383 2.4 
59223.74200    7.94382 0.4 
59223.78467    7.94379 -1.4 
59223.82645    7.94380 -3.1 
59223.86810    7.94379 -3.4 
59223.91285    7.94379 -3.4 
59223.94593    7.94381 -3.3 
59224.02192    7.94373 -3.4 
59224.06519    7.94377 -3.5 
59224.10761    7.94374 -2.2 
59224.14976    7.94373 -3.5 
59224.19320    7.94371 -5.0 
59224.23566    7.94373 -5.2 
59224.27818    7.94372 -4.9 
59224.32057    7.94368 -4.2 
59224.36239    7.94372 -1.0 
59224.40448    7.94373 2.6 
59224.44711    7.94379 4.0 
59224.48903    7.94377 5.1 
59224.53210    7.94379 5.9 
59224.57507    7.94386 6.1 
59224.61778    7.94387 5.6 
59224.65989    7.94384 4.9 
59224.70273    7.94383 3.8 
59224.74592    7.94386 2.4 
59224.78791    7.94383 1.1 
59224.82959    7.94384 -0.8 
59224.87065    7.94381 -1.3 
59224.91406    7.94383 -0.2 
59224.94658    7.94382 0.0 
59225.02175    7.94382 0.6 
59225.06350    7.94382 -0.2 
59225.10476    7.94381 -1.7 
59225.14753    7.94382 -2.6 
59225.18974    7.94380 -2.8 
59225.23182    7.94377 -1.9 
59225.27462    7.94377 -1.5 
59225.31595    7.94378 -2.5 
59225.35837    7.94380 0.2 
59225.40174    7.94380 3.3 
59225.44459    7.94384 4.7 
59225.48659    7.94383 5.4 
59225.52857    7.94389 5.7 
59225.57081    7.94389 5.9 
59225.61239    7.94387 5.9 
59225.65675    7.94389 5.6 
59225.69975    7.94390 4.7 
59225.74139    7.94388 3.2 
59225.78402    7.94386 2.2 
59225.82750    7.94389 2.4 
59225.87028    7.94386 2.6 
59225.91306    7.94385 1.8 
59225.94651    7.94385 1.5 
59226.02400    7.94383 -0.3 
59226.06416    7.94384 -0.6 
59226.10709    7.94382 -0.8 
59226.14896    7.94382 -1.9 
59226.19165    7.94380 -2.6 
59226.23399    7.94378 -2.7 
59226.27592    7.94378 -3.3 
59226.31796    7.94378 -2.4 
59226.36060    7.94379 0.5 
59226.40340    7.94379 4.0 
59226.44518    7.94381 6.0 
59226.48725    7.94384 7.2 
59226.52944    7.94388 8.3 
59226.57200    7.94389 9.1 
59226.61452    7.94391 9.5 
59226.65669    7.94395 9.6 
59226.69900    7.94394 8.4 
59226.74176    7.94391 5.9 
59226.78329    7.94390 5.0 
59226.82540    7.94393 4.6 
59226.86733    7.94392 4.8 
59226.90921    7.94390 4.2 
59226.94543    7.94392 3.2 
59227.02142    7.94391 3.8 
59227.06390    7.94388 3.3 
59227.10650    7.94390 3.5 
59227.14941    7.94388 3.2 
59227.19135    7.94390 2.0 
59227.23423    7.94388 1.7 
59227.27654    7.94389 2.0 
59227.31938    7.94388 3.9 
59227.36139    7.94388 6.1 
59227.40434    7.94393 8.7 
59227.44664    7.94392 11.3 
59227.48761    7.94396 13.1 
59227.53013    7.94399 15.0 
59227.57286    7.94407 16.2 
59227.61471    7.94408 16.5 
59227.65689    7.94412 16.3 
59227.69964    7.94414 14.3 
59227.74253    7.94413 9.4 
59227.78438    7.94411 8.4 
59227.82845    7.94412 8.9 
59227.87014    7.94410 7.3 
59227.91215    7.94413 8.6 
59227.94653    7.94412 7.9 
59228.02266    7.94407 4.3 
59228.06455    7.94410 1.5 
59228.10622    7.94407 0.8 
59228.14850    7.94409 0.7 
59228.19204    7.94404 -0.4 
59228.23379    7.94404 0.2 
59228.27502    7.94408 0.3 
59228.31850    7.94404 0.1 
59228.36046    7.94405 5.0 
59228.40336    7.94407 11.6 
59228.44555    7.94410 13.8 
59228.48817    7.94415 16.2 
59228.53041    7.94418 18.0 
59228.57291    7.94419 18.7 
59228.61537    7.94423 18.9 
59228.65815    7.94427 17.6 
59228.70013    7.94426 15.3 
59228.74214    7.94428 12.4 
59228.78414    7.94426 10.5 
59228.82669    7.94426 10.6 
59228.86909    7.94427 11.4 
59228.91240    7.94427 11.1 
59228.94651    7.94424 10.7 
59229.02178    7.94419 9.7 
59229.06344    7.94419 9.7 
59229.10553    7.94420 10.2 
59229.14787    7.94422 9.8 
59229.18964    7.94423 9.4 
59229.23156    7.94423 8.5 
59229.27276    7.94424 7.0 
59229.31620    7.94422 5.4 
59229.35878    7.94425 9.2 
59229.40073    7.94425 12.9 
59229.44362    7.94428 15.2 
59229.48569    7.94434 17.2 
59229.52932    7.94433 18.4 
59229.57156    7.94439 19.4 
59229.61326    7.94441 19.7 
59229.65525    7.94443 19.0 
59229.69782    7.94446 17.3 
59229.74086    7.94446 12.6 
59229.78335    7.94447 10.1 
59229.82533    7.94443 8.7 
59229.86842    7.94440 7.2 
59229.91124    7.94442 7.2 
59229.94591    7.94443 7.0 
59230.02181    7.94436 6.0 
59230.06390    7.94440 5.5 
59230.10627    7.94433 5.3 
59230.14913    7.94435 5.2 
59230.19125    7.94429 5.0 
59230.23289    7.94435 4.4 
59230.27519    7.94434 3.9 
59230.31706    7.94426 4.0 
59230.35877    7.94429 4.6 
59230.40137    7.94430 5.2 
59230.44387    7.94432 6.5 
59230.48613    7.94438 7.2 
59230.52867    7.94432 7.6 
59230.57189    7.94433 7.0 
59230.61402    7.94430 6.2 
59230.65626    7.94433 5.4 
59230.69930    7.94430 4.4 
59230.74123    7.94432 3.5 
59230.78249    7.94429 2.9 
59230.82498    7.94429 2.3 
59230.86690    7.94428 2.0 
59230.90910    7.94426 1.7 
59230.94512    7.94422 1.4 
59231.02251    7.94418 1.9 
59231.06527    7.94423 1.6 
59231.10878    7.94422 1.2 
59231.15020    7.94421 1.2 
59231.19308    7.94419 0.9 
59231.23532    7.94418 0.5 
59231.27874    7.94418 -0.3 
59231.32075    7.94415 -0.3 
59231.36329    7.94418 1.8 
59231.40595    7.94418 3.5 
59231.44786    7.94420 4.4 
59231.48999    7.94420 5.2 
59231.53268    7.94423 5.8 
59231.57471    7.94421 6.1 
59231.61609    7.94427 6.2 
59231.65932    7.94425 5.6 
59231.70250    7.94425 4.8 
59231.74501    7.94427 3.3 
59231.78697    7.94426 1.8 
59231.82875    7.94419 0.3 
59231.87409    7.94422 -0.3 
59231.91664    7.94419 0.4 
59231.94861    7.94421 0.4 
59232.02179    7.94417 1.0 
59232.06414    7.94416 0.7 
59232.10629    7.94414 -0.5 
59232.14878    7.94413 -2.7 
59232.19125    7.94409 -3.2 
59232.23399    7.94409 -3.4 
59232.27636    7.94413 -3.5 
59232.31873    7.94410 -2.2 
59232.36232    7.94410 2.0 
59232.40410    7.94410 5.0 
59232.44694    7.94413 7.5 
59232.48947    7.94414 9.1 
59232.53201    7.94420 10.3 
59232.57419    7.94424 11.0 
59232.61683    7.94422 11.2 
59232.66018    7.94424 11.1 
59232.70136    7.94426 10.2 
59232.74302    7.94425 6.6 
59232.78583    7.94423 3.9 
59232.82821    7.94423 2.0 
59232.87075    7.94419 1.2 
59232.91291    7.94421 1.0 
59232.94789    7.94419 1.1 
59233.02162    7.94418 0.3 
59233.06493    7.94418 0.6 
59233.10580    7.94415 1.5 
59233.14820    7.94415 2.3 
59233.19147    7.94415 1.4 
59233.23382    7.94416 0.8 
59233.27607    7.94417 1.1 
59233.31828    7.94417 1.3 
59233.36069    7.94414 5.0 
59233.40236    7.94417 8.1 
59233.44527    7.94419 10.0 
59233.48839    7.94421 11.0 
59233.53069    7.94424 11.5 
59233.57311    7.94423 11.9 
59233.61474    7.94426 11.6 
59233.65761    7.94428 11.2 
59233.70072    7.94426 10.2 
59233.74279    7.94424 8.6 
59233.78482    7.94424 7.6 
59233.82702    7.94424 7.2 
59233.86821    7.94430 7.0 
59233.91072    7.94425 6.8 
59233.94545    7.94425 6.6 
59234.02221    7.94420 6.2 
59234.06470    7.94419 5.9 
59234.10693    7.94421 5.5 
59234.14952    7.94421 4.9 
59234.19136    7.94424 4.7 
59234.23415    7.94420 4.8 
59234.27687    7.94418 4.9 
59234.31932    7.94415 6.1 
59234.36216    7.94417 8.9 
59234.40498    7.94420 11.2 
59234.44747    7.94426 12.8 
59234.48956    7.94423 13.5 
59234.53188    7.94428 13.9 
59234.57405    7.94425 14.1 
59234.61631    7.94426 14.2 
59234.65900    7.94433 14.4 
59234.70231    7.94432 13.6 
59234.74381    7.94431 12.3 
59234.78645    7.94432 11.8 
59234.82914    7.94432 11.8 
59234.87235    7.94433 11.7 
59234.91518    7.94431 12.2 
59234.94779    7.94431 12.4 
59235.02172    7.94428 11.3 
59235.06510    7.94433 11.2 
59235.10724    7.94435 11.5 
59235.14991    7.94431 11.6 
59235.19198    7.94433 11.6 
59235.23389    7.94434 10.7 
59235.27610    7.94436 11.1 
59235.31839    7.94436 11.8 
59235.36085    7.94437 13.4 
59235.40319    7.94436 14.8 
59235.44542    7.94439 16.7 
59235.48730    7.94438 18.5 
59235.52961    7.94443 19.9 
59235.57217    7.94445 19.8 
59235.61519    7.94447 19.8 
59235.65786    7.94450 18.8 
59235.70065    7.94447 18.2 
59235.74364    7.94450 16.6 
59235.78587    7.94449 15.7 
59235.82912    7.94448 14.3 
59235.87162    7.94449 13.5 
59235.91505    7.94447 13.2 
59235.94729    7.94449 13.3 
59236.02201    7.94447 13.6 
59236.06416    7.94449 13.3 
59236.10640    7.94451 12.9 
59236.14855    7.94449 12.5 
59236.19157    7.94448 12.2 
59236.23382    7.94447 11.9 
59236.27577    7.94450 11.7 
59236.31803    7.94446 11.5 
59236.36070    7.94446 11.1 
59236.40411    7.94447 10.6 
59236.44590    7.94444 10.4 
59236.48832    7.94450 10.4 
59236.53022    7.94449 10.4 
59236.57310    7.94444 10.3 
59236.61589    7.94447 10.2 
59236.65854    7.94447 10.0 
59236.70121    7.94443 9.8 
59236.74311    7.94446 9.5 
59236.78626    7.94446 9.3 
59236.82834    7.94444 9.2 
59236.87047    7.94445 9.0 
59236.91348    7.94447 8.9 
59236.94674    7.94444 8.9 
59237.02173    7.94440 8.6 
59237.06442    7.94438 8.3 
59237.10674    7.94441 8.1 
59237.14883    7.94442 7.9 
59237.19101    7.94441 7.7 
59237.23370    7.94440 7.7 
59237.27553    7.94444 7.7 
59237.31778    7.94441 7.6 
59237.36030    7.94443 7.6 
59237.40327    7.94438 7.6 
59237.44497    7.94444 7.6 
59237.48732    7.94439 7.7 
59237.53017    7.94439 8.0 
59237.57174    7.94439 8.0 
59237.61387    7.94440 8.0 
59237.65611    7.94439 8.0 
59237.69850    7.94440 8.0 
59237.74192    7.94439 7.9 
59237.78428    7.94439 7.8 
59237.82629    7.94440 7.7 
59237.86989    7.94436 7.4 
59237.91118    7.94438 7.3 
59237.94620    7.94436 7.1 
59238.02111    7.94435 6.5 
59238.06373    7.94434 6.3 
59238.10631    7.94432 6.1 
59238.14849    7.94432 5.9 
59238.19116    7.94432 5.5 
59238.23453    7.94436 5.4 
59238.27621    7.94433 5.5 
59238.31820    7.94432 5.7 
59238.36024    7.94434 5.9 
59238.40278    7.94435 6.5 
59238.44481    7.94431 7.3 
59238.48818    7.94434 8.0 
59238.53092    7.94433 8.6 
59238.57274    7.94433 9.0 
59238.61477    7.94435 9.2 
59238.65701    7.94435 9.2 
59238.69939    7.94434 8.7 
59238.74157    7.94435 8.3 
59238.78424    7.94435 8.2 
59238.82655    7.94434 8.0 
59238.86878    7.94436 8.0 
59238.91240    7.94434 7.9 
59238.94647    7.94434 8.1 
59239.02200    7.94431 9.3 
59239.06345    7.94435 9.5 
59239.10608    7.94434 10.0 
59239.14880    7.94436 10.2 
59239.19137    7.94431 10.3 
59239.23318    7.94437 10.2 
59239.27523    7.94440 9.9 
59239.31725    7.94436 9.6 
59239.35962    7.94435 11.6 
59239.40146    7.94439 13.8 
59239.44453    7.94445 15.3 
59239.48607    7.94441 15.2 
59239.52789    7.94442 15.4 
59239.56994    7.94443 15.8 
59239.61289    7.94443 15.0 
59239.65498    7.94447 14.5 
59239.69796    7.94447 13.6 
59239.74164    7.94446 12.6 
59239.78366    7.94446 12.2 
59239.82696    7.94447 12.0 
59239.86960    7.94443 11.6 
59239.91097    7.94448 11.4 
59239.94516    7.94446 11.2 
59240.02219    7.94444 10.7 
59240.06483    7.94445 10.8 
59240.10717    7.94443 10.6 
59240.15096    7.94445 10.2 
59240.19288    7.94446 9.8 
59240.23566    7.94445 9.4 
59240.27857    7.94444 8.8 
59240.32060    7.94442 8.5 
59240.36293    7.94441 8.2 
59240.40527    7.94441 8.0 
59240.44837    7.94442 7.7 
59240.49153    7.94443 7.5 
59240.53508    7.94440 7.1 
59240.57827    7.94441 7.2 
59240.62032    7.94439 7.4 
59240.66303    7.94443 7.5 
59240.70535    7.94440 7.3 
59240.74795    7.94438 7.3 
59240.79082    7.94439 7.4 
59240.83339    7.94438 7.6 
59240.87624    7.94439 7.8 
59240.91898    7.94435 7.8 
59240.94986    7.94438 7.7 
59241.02253    7.94438 7.6 
59241.06576    7.94438 7.4 
59241.10765    7.94437 7.1 
59241.15119    7.94440 6.7 
59241.19315    7.94437 6.4 
59241.23558    7.94436 6.2 
59241.27784    7.94436 6.1 
59241.32045    7.94438 6.2 
59241.36315    7.94433 6.9 
59241.40519    7.94439 7.8 
59241.44750    7.94438 8.8 
59241.48977    7.94438 9.7 
59241.53159    7.94438 10.1 
59241.57351    7.94442 10.7 
59241.61650    7.94438 11.0 
59241.65818    7.94442 10.5 
59241.70040    7.94439 10.0 
59241.74335    7.94442 9.5 
59241.78572    7.94438 9.1 
59241.82852    7.94437 8.9 
59241.87070    7.94443 8.4 
59241.91418    7.94440 8.2 
59241.94726    7.94435 7.9 
59242.02162    7.94437 7.5 
59242.06452    7.94439 7.4 
59242.10599    7.94438 7.3 
59242.14869    7.94436 7.2 
59242.19189    7.94436 6.8 
59242.23356    7.94436 6.5 
59242.27553    7.94437 6.4 
59242.31071    7.94436 6.9 
