59164.01556    7.94490 14.1 
59165.01245    7.94488 14.7 
59166.01681    7.94492 16.1 
59167.01049    7.94498 14.9 
59168.01732    7.94497 16.7 
59169.01527    7.94501 18.2 
59170.01029    7.94503 20.0 
59171.01584    7.94509 22.2 
59172.01646    7.94517 22.7 
59173.02475    7.94510 17.2 
59174.02561    7.94495 14.8 
59175.02745    7.94488 15.8 
59176.02541    7.94473 11.2 
59177.01814    7.94463 10.3 
59178.02361    7.94455 11.3 
59179.02469    7.94453 13.0 
59180.02680    7.94451 12.0 
59181.02746    7.94448 10.1 
59182.02880    7.94443 9.3 
59183.02949    7.94445 9.0 
59184.07005    7.94445 10.5 
59184.97504    7.94450 11.9 
59186.03496    7.94447 10.2 
59187.03406    7.94440 6.9 
59188.03190    7.94433 6.2 
59189.03858    7.94434 8.8 
59190.03960    7.94443 12.3 
59191.03697    7.94445 10.2 
59192.04645    7.94439 8.8 
59193.03950    7.94449 12.5 
59194.03838    7.94448 10.4 
59195.04182    7.94442 8.6 
59196.04673    7.94437 6.7 
59197.04516    7.94433 5.9 
59198.04546    7.94423 3.1 
59199.04629    7.94422 3.6 
59200.04598    7.94421 4.2 
59201.04387    7.94425 6.2 
59202.04034    7.94423 6.4 
59203.03937    7.94418 4.9 
59204.06396    7.94417 3.6 
59205.05528    7.94420 3.8 
59206.05517    7.94427 7.6 
59207.05142    7.94429 9.8 
59208.04975    7.94431 6.6 
59209.05192    7.94432 8.7 
59210.05170    7.94435 11.1 
59211.05476    7.94436 8.0 
59212.05466    7.94444 12.8 
59213.14123    7.94426 -0.1 
59214.02991    7.94402 -3.8 
59215.05601    7.94392 -2.1 
59216.05892    7.94393 -0.5 
59217.06070    7.94400 3.2 
59218.06002    7.94412 8.8 
59219.06160    7.94419 8.3 
59220.06390    7.94413 4.9 
59221.06357    7.94403 0.7 
59222.06624    7.94381 -5.4 
59223.06101    7.94372 -2.4 
59224.06548    7.94377 -0.6 
59225.06583    7.94382 1.3 
59226.06775    7.94384 2.1 
59227.06487    7.94391 6.3 
59228.06815    7.94410 8.2 
59229.06674    7.94425 12.2 
59230.07093    7.94437 8.4 
59231.06729    7.94424 2.8 
59232.07354    7.94417 2.2 
59233.07293    7.94420 5.1 
59234.07523    7.94423 8.4 
59235.07532    7.94434 13.3 
59236.07472    7.94448 13.6 
59237.07510    7.94443 8.5 
59238.08165    7.94435 7.0 
59239.08061    7.94436 10.4 
59240.08141    7.94444 10.5 
59241.08190    7.94438 7.6 
59241.94742    7.94438 8.3 
