Time     horizontal-angle zenith   slope-distance
23:00:44    69.0517     0.07495    7.9449
23:01:01    69.0039     0.0754     7.9449
22:57:47    69.05395    0.0755     7.945 
22:58:03    69.00095    0.0749     7.945 
22:54:42    69.0407     0.0747     7.9449
22:54:59    68.59435    0.07545    7.9448
22:51:50    69.05105    0.07545    7.945 
22:52:01    69.0231     0.0751     7.945 
22:48:46    68.5734     0.0756     7.945 
22:49:03    68.5744     0.07565    7.945 
22:45:48    69.00295    0.07525    7.9449
22:46:07    68.5923     0.07525    7.9449
22:42:46    69.0148     0.07545    7.9451
22:42:59    68.56005    0.0751     7.945 
22:39:50    69.003      0.07545    7.9449
22:40:02    68.56195    0.075      7.945 
22:36:46    69.05425    0.07545    7.945 
22:37:01    69.02125    0.0755     7.945 
22:33:48    69.0238     0.0754     7.9451
22:34:04    68.572      0.0747     7.945 
22:31:48    69.04095    0.0755     7.9449
22:32:00    69.00115    0.0751     7.945 
22:29:46    69.00365    0.0755     7.945 
22:30:02    68.5953     0.07495    7.9449
22:27:45    68.59035    0.0755     7.945 
22:27:59    69.00575    0.0749     7.9449
22:25:45    69.00285    0.0755     7.9448
22:25:58    69.0234     0.07515    7.945 
22:22:49    68.58545    0.0755     7.9449
22:23:02    69.0209     0.07515    7.9449
22:19:50    69.00545    0.0756     7.9449
22:20:03    68.56225    0.07485    7.9449
22:17:46    69.0524     0.0755     7.9448
22:17:59    68.59055    0.07485    7.945 
22:15:46    69.0037     0.07545    7.945 
22:15:58    68.5821     0.0753     7.9449
22:13:39    69.0115     0.0747     7.9449
22:13:57    69.0024     0.0754     7.945 
22:10:50    69.0321     0.0753     7.945 
22:11:05    68.5917     0.0753     7.9449
22:07:50    68.57005    0.0756     7.9449
22:08:03    68.59105    0.0751     7.9449
22:05:48    69.02505    0.0755     7.9449
22:05:59    68.54505    0.075      7.945 
22:03:45    69.0213     0.0755     7.945 
22:03:57    68.59075    0.0751     7.9449
22:00:49    69.0125     0.07545    7.9449
22:01:06    68.57345    0.07545    7.9449
21:57:49    69.0436     0.07525    7.9449
21:58:07    68.58145    0.07525    7.9448
21:54:47    68.5611     0.0755     7.945 
21:55:01    68.51515    0.0751     7.9449
21:52:42    68.56305    0.0755     7.945 
21:52:55    69.0108     0.0752     7.9449
21:50:48    69.0001     0.07545    7.945 
21:51:02    68.5846     0.07505    7.9449
21:47:42    69.03345    0.07485    7.9448
21:48:00    68.56115    0.07545    7.9449
21:45:46    69.0519     0.07545    7.945 
21:45:57    69.0251     0.07515    7.9448
21:42:50    69.06385    0.07545    7.9451
21:43:03    69.04125    0.075      7.9451
21:39:50    68.5813     0.0754     7.9449
21:40:05    68.53265    0.075      7.9447
21:36:46    68.5941     0.07555    7.945 
21:36:59    68.53455    0.0751     7.9449
21:33:43    68.5904     0.07535    7.945 
21:34:03    69.0102     0.07525    7.945 
21:31:47    68.5546     0.0755     7.945 
21:32:01    68.51335    0.07515    7.945 
21:28:49    69.0238     0.07535    7.9449
21:29:03    68.5936     0.07495    7.9449
21:26:45    69.0243     0.07545    7.9451
21:26:57    69.0002     0.0749     7.9451
21:24:45    68.5843     0.07555    7.9449
21:24:57    68.52355    0.07485    7.9448
21:21:50    68.5931     0.07555    7.945 
21:22:03    68.5404     0.0751     7.945 
21:19:40    68.5739     0.0748     7.9449
21:19:58    68.5745     0.0755     7.945 
21:17:47    69.0155     0.0756     7.9448
21:18:00    68.5754     0.07495    7.9449
21:15:44    69.07465    0.0748     7.945 
21:16:02    68.57485    0.0755     7.9451
21:12:47    69.01335    0.07525    7.9449
21:13:06    68.581      0.07525    7.945 
21:09:48    68.53185    0.07545    7.945 
21:10:03    68.5711     0.07495    7.9449
21:06:47    68.5912     0.07565    7.945 
21:06:59    68.5653     0.0748     7.945 
21:04:48    68.5538     0.0754     7.9451
21:05:01    68.55105    0.0751     7.9449
21:02:46    69.04295    0.0755     7.9449
21:02:58    68.5726     0.0751     7.9449
20:59:47    68.5929     0.0754     7.9451
21:00:01    68.5256     0.0752     7.9451
20:56:50    68.56245    0.07545    7.9451
20:57:05    68.57435    0.0752     7.9449
20:54:42    69.02445    0.0755     7.9449
20:54:56    68.56115    0.07485    7.945 
20:52:49    69.0011     0.0755     7.9449
20:53:02    69.0047     0.07525    7.945 
20:49:47    69.0101     0.0755     7.9451
20:50:00    68.5317     0.07495    7.945 
20:46:47    68.57485    0.0755     7.9448
20:47:01    68.5804     0.075      7.945 
20:43:48    68.57565    0.07545    7.945 
20:44:02    68.52385    0.0752     7.9449
20:40:46    68.5807     0.07555    7.9451
20:41:34    69.0223     0.0754     7.945 
20:38:44    69.0436     0.07545    7.9449
20:38:57    68.595      0.0752     7.945 
20:35:48    69.04075    0.0755     7.9449
20:36:31    69.0855     0.0751     7.9451
20:32:49    69.0451     0.07545    7.9449
20:33:06    68.5525     0.07525    7.9449
20:29:42    69.0306     0.0746     7.945 
20:29:59    68.5835     0.07545    7.945 
20:26:49    68.52485    0.0751     7.9448
20:27:08    68.5826     0.07535    7.945 
20:23:49    69.0121     0.0754     7.9449
20:24:02    69.0214     0.07525    7.9449
20:20:46    69.00085    0.07545    7.945 
20:21:00    68.58305    0.0749     7.945 
20:18:42    68.5817     0.07475    7.945 
20:18:59    68.58465    0.07545    7.9451
20:15:46    68.5746     0.0754     7.9449
20:16:02    68.5559     0.0753     7.9449
20:12:46    69.02385    0.07555    7.945 
20:13:00    68.555      0.07485    7.9451
20:09:47    69.0122     0.0755     7.9449
20:10:01    68.55325    0.07515    7.9448
20:07:47    69.0504     0.07555    7.9449
20:07:59    69.02165    0.07515    7.9451
20:05:50    68.5905     0.0754     7.9451
20:06:03    69.01015    0.0753     7.945 
20:03:38    68.5717     0.07505    7.9449
20:03:57    68.59465    0.0756     7.9451
20:01:47    68.59035    0.07555    7.9451
20:02:02    68.5909     0.0749     7.945 
19:58:45    68.5446     0.0755     7.945 
19:59:33    68.5139     0.0754     7.945 
19:55:50    68.5749     0.07545    7.945 
19:56:03    68.58335    0.07535    7.9449
19:52:47    69.02145    0.0756     7.945 
19:53:27    68.53585    0.0749     7.945 
19:50:46    69.0025     0.0754     7.9449
19:50:58    69.00225    0.0751     7.9449
19:48:46    69.0147     0.0754     7.945 
19:49:01    68.53465    0.07525    7.9452
19:45:49    69.03345    0.07545    7.9449
19:46:03    69.03205    0.07495    7.945 
19:43:18    68.5914     0.07525    7.9449
19:43:39    68.5639     0.0754     7.945 
19:39:49    68.56445    0.0755     7.9449
19:40:01    69.0709     0.07515    7.9449
19:36:48    69.00285    0.07555    7.945 
19:37:01    68.5829     0.0751     7.9449
19:33:50    68.58485    0.0754     7.9451
19:34:02    68.56495    0.0752     7.945 
19:30:42    69.0721     0.07515    7.945 
19:31:02    68.5838     0.07555    7.9449
19:27:49    69.0127     0.07545    7.945 
19:28:36    69.02545    0.07505    7.945 
19:24:42    68.58295    0.07475    7.9451
19:25:00    68.5724     0.0755     7.9449
19:21:47    69.0853     0.07545    7.945 
19:22:00    69.01475    0.07515    7.945 
19:18:47    69.05495    0.07545    7.9449
19:19:03    68.55045    0.0751     7.9449
19:15:46    68.5925     0.0755     7.9451
19:15:59    68.55285    0.075      7.9449
19:12:50    68.5141     0.07555    7.9449
19:13:03    68.5426     0.0751     7.9449
19:09:46    68.5714     0.0755     7.9449
19:09:59    68.55445    0.07475    7.9451
19:07:10    68.5901     0.0752     7.9449
19:07:30    69.02275    0.0754     7.945 
19:03:46    68.5551     0.0755     7.945 
19:04:00    68.51045    0.07475    7.9452
19:00:49    68.5953     0.07525    7.945 
19:01:07    69.0428     0.0753     7.9449
18:57:46    68.57425    0.07545    7.945 
18:58:01    68.5825     0.07515    7.945 
18:55:46    68.5022     0.07545    7.945 
18:55:58    68.5636     0.07505    7.9448
18:52:49    68.56475    0.07545    7.945 
18:53:05    68.5043     0.07535    7.945 
18:49:52    68.58415    0.07535    7.9451
18:50:11    68.55115    0.07525    7.945 
18:47:48    69.0256     0.07545    7.9449
18:48:01    68.55475    0.07505    7.9449
18:44:50    68.5608     0.0754     7.945 
18:45:06    68.56075    0.0751     7.945 
18:41:49    68.58335    0.0755     7.945 
18:42:02    68.54455    0.0749     7.9449
18:39:47    68.5323     0.07555    7.945 
18:39:59    68.5808     0.075      7.9452
18:36:47    69.02       0.07545    7.9449
18:37:00    68.5913     0.07515    7.9451
18:33:48    68.5447     0.0754     7.9451
18:34:04    68.56275    0.075      7.9451
18:30:48    68.59365    0.07545    7.9449
18:31:02    69.04155    0.0752     7.945 
18:27:42    69.0053     0.0748     7.945 
18:27:59    68.58555    0.0754     7.945 
18:24:49    68.59585    0.07545    7.9449
18:25:03    68.5925     0.07525    7.9449
18:22:38    68.5609     0.07475    7.9449
18:22:55    68.57525    0.07545    7.945 
18:20:46    68.57       0.07535    7.945 
18:20:58    69.0123     0.0753     7.945 
18:18:45    68.5637     0.07545    7.945 
18:18:58    68.5701     0.07505    7.9451
18:15:47    68.574      0.07535    7.9451
18:16:03    68.5131     0.0753     7.945 
18:13:38    69.0008     0.0747     7.9448
18:13:54    69.02       0.0754     7.9448
18:10:50    69.00535    0.0754     7.945 
18:11:04    68.58515    0.07505    7.945 
18:07:46    68.58445    0.0748     7.945 
18:08:03    68.5256     0.0754     7.9449
18:04:47    69.00385    0.0752     7.945 
18:05:07    68.50185    0.0753     7.9449
18:01:47    68.5628     0.0753     7.9452
18:02:00    68.5913     0.07525    7.9449
17:58:42    68.58135    0.07475    7.9451
17:58:59    68.5539     0.07545    7.9449
17:55:43    69.00055    0.07475    7.9449
17:56:00    68.59305    0.0754     7.9449
17:53:17    68.5458     0.07545    7.9451
17:53:32    68.5654     0.07495    7.945 
17:49:48    68.5931     0.07525    7.945 
17:50:07    68.5815     0.07525    7.9449
17:47:46    68.55165    0.07545    7.945 
17:47:59    68.58375    0.0748     7.945 
17:44:44    68.58265    0.07525    7.945 
17:45:05    68.59285    0.0755     7.9451
17:41:50    68.55585    0.0754     7.9449
17:42:06    69.00175    0.075      7.9448
17:38:49    68.58435    0.0755     7.945 
17:39:02    68.5428     0.075      7.945 
17:36:41    69.0042     0.0748     7.9451
17:36:59    68.55245    0.07555    7.9451
17:33:45    69.00065    0.07505    7.9448
17:34:05    69.0224     0.07555    7.9449
17:30:47    68.56495    0.0755     7.945 
17:31:00    69.03215    0.07485    7.945 
17:27:45    69.00135    0.0754     7.9449
17:28:01    68.5854     0.07485    7.945 
17:24:47    69.053      0.0756     7.9452
17:24:59    68.54315    0.07475    7.9448
17:21:48    68.57155    0.0754     7.945 
17:22:04    68.55325    0.0748     7.9452
17:18:44    69.0152     0.0747     7.9451
17:19:01    68.5236     0.0754     7.945 
17:16:44    68.5904     0.0751     7.9451
17:17:03    68.5803     0.07555    7.9449
17:14:46    69.0008     0.0754     7.9451
17:14:59    69.07       0.0751     7.945 
17:11:48    69.03595    0.07525    7.9449
17:12:09    68.55475    0.0753     7.945 
17:08:44    68.5626     0.0754     7.9451
17:09:00    69.0006     0.07475    7.945 
17:06:47    68.59215    0.07545    7.945 
17:07:01    68.5706     0.07485    7.945 
17:03:48    68.5414     0.07535    7.945 
17:04:03    68.55045    0.07475    7.9451
17:00:49    68.5537     0.07525    7.945 
17:01:09    68.55085    0.07525    7.9451
16:58:44    68.50525    0.0755     7.945 
16:58:57    68.59385    0.0748     7.9449
16:56:46    68.5801     0.0755     7.9452
16:57:00    68.55535    0.07495    7.9451
16:53:44    68.5909     0.0749     7.9451
16:54:03    68.5421     0.07555    7.945 
16:51:48    68.55395    0.07545    7.9449
16:52:00    69.01525    0.0748     7.9451
16:49:42    69.00095    0.0755     7.9452
16:49:56    69.0522     0.07485    7.945 
16:47:45    69.0036     0.0755     7.9449
16:47:58    68.5717     0.0751     7.945 
16:44:50    68.52105    0.07555    7.945 
16:45:03    68.59345    0.0747     7.9452
16:42:45    69.03395    0.0756     7.9449
16:42:58    68.5759     0.075      7.9449
16:39:46    69.0102     0.0755     7.9449
16:40:00    69.013      0.07485    7.945 
16:37:47    69.0409     0.0756     7.945 
16:37:58    68.58225    0.0747     7.9448
16:34:50    68.5314     0.0754     7.9451
16:35:06    68.59035    0.0749     7.945 
16:31:41    68.5521     0.0749     7.9449
16:32:00    68.5214     0.07545    7.945 
16:29:45    69.0107     0.07455    7.945 
16:30:02    68.53465    0.07545    7.9451
16:27:41    68.5948     0.07545    7.945 
16:27:56    69.03115    0.0751     7.9449
16:25:49    68.53085    0.07555    7.9452
16:26:02    68.58465    0.0749     7.945 
16:23:46    68.59345    0.07545    7.9451
16:24:02    68.55265    0.0755     7.945 
16:20:48    69.00455    0.07555    7.9451
16:21:01    68.59125    0.0748     7.9449
16:18:41    68.5518     0.07555    7.9449
16:18:55    68.48245    0.07515    7.945 
16:16:51    68.5656     0.07545    7.945 
16:17:04    68.5547     0.075      7.945 
16:13:50    68.57085    0.0755     7.9451
16:14:04    68.5844     0.07485    7.945 
16:11:46    68.55105    0.07555    7.9449
16:11:58    68.55055    0.0747     7.945 
16:08:42    68.57       0.0747     7.945 
16:09:00    68.53255    0.07525    7.9451
16:05:43    68.59345    0.07525    7.945 
16:06:04    69.06485    0.0754     7.9449
16:02:45    68.5905     0.07545    7.9449
16:02:59    68.50325    0.075      7.945 
16:00:43    69.00275    0.07475    7.945 
16:01:01    68.56355    0.0755     7.9449
15:57:49    68.5446     0.07525    7.9451
15:58:09    68.5905     0.07525    7.945 
15:54:42    69.0124     0.0746     7.9449
15:54:59    68.54155    0.07545    7.945 
15:51:48    68.5342     0.07555    7.9451
15:52:01    68.59275    0.07475    7.9451
15:48:49    68.5313     0.0755     7.9451
15:49:02    68.5519     0.075      7.945 
15:45:47    69.0017     0.07555    7.9451
15:45:59    68.503      0.0751     7.9451
15:42:46    68.5714     0.0747     7.9449
15:43:03    68.56185    0.0755     7.945 
15:39:46    68.5459     0.075      7.945 
15:40:04    68.5713     0.0754     7.9449
15:36:47    68.5622     0.0755     7.9451
15:37:01    68.54115    0.0749     7.9451
15:33:48    68.5736     0.07545    7.945 
15:34:02    68.583      0.07515    7.945 
15:30:49    68.59385    0.07535    7.9449
15:31:08    68.5502     0.07525    7.9451
15:27:47    69.0034     0.0755     7.945 
15:27:59    68.5802     0.07485    7.9451
15:24:46    68.5701     0.0755     7.9449
15:25:28    68.5501     0.0748     7.9449
15:21:49    68.5622     0.0754     7.9448
15:22:04    68.58435    0.07525    7.9452
15:18:48    69.02525    0.07525    7.9451
15:19:08    68.59455    0.0753     7.945 
15:15:48    68.5915     0.07545    7.945 
15:16:01    69.00325    0.07495    7.9452
15:13:44    69.03295    0.0748     7.945 
15:14:02    69.01405    0.0755     7.9449
15:10:40    68.55075    0.0752     7.945 
15:11:00    69.0029     0.0754     7.9449
15:08:44    68.55485    0.0748     7.945 
15:09:02    68.55545    0.0755     7.9449
15:05:43    69.0219     0.0747     7.9448
15:06:01    69.00425    0.07545    7.9449
15:02:46    69.03485    0.0756     7.945 
15:03:02    68.58545    0.0755     7.945 
14:59:48    69.0638     0.0754     7.9451
15:00:06    68.59585    0.07515    7.9449
14:57:45    69.05485    0.0754     7.9451
14:57:56    68.5816     0.07495    7.945 
14:54:50    68.5819     0.0753     7.945 
14:55:11    69.01525    0.07525    7.945 
14:51:47    69.0008     0.0754     7.9451
14:52:00    68.59145    0.0749     7.945 
14:48:47    69.0222     0.07545    7.945 
14:49:00    68.5643     0.07515    7.9449
14:46:43    69.06105    0.07475    7.9449
14:47:01    68.5934     0.07545    7.945 
14:43:46    68.56195    0.0749     7.945 
14:44:04    68.5108     0.07535    7.945 
14:40:49    68.5657     0.0754     7.9449
14:41:01    68.5341     0.0748     7.9451
14:38:43    68.58495    0.0756     7.945 
14:38:54    68.4909     0.07485    7.945 
14:36:46    68.45465    0.0755     7.945 
14:37:00    68.59085    0.0751     7.9452
14:33:46    69.0101     0.0753     7.945 
14:34:05    68.57125    0.07525    7.9451
14:31:44    69.00045    0.0754     7.945 
14:31:58    69.0214     0.07505    7.9449
14:29:42    68.53145    0.0756     7.9448
14:29:58    68.53585    0.07555    7.9451
14:27:42    68.5239     0.07495    7.9449
14:28:00    68.5433     0.0754     7.9451
14:24:46    68.58485    0.0755     7.945 
14:25:00    68.57555    0.0749     7.945 
14:21:50    68.59235    0.07525    7.9448
14:22:07    68.5714     0.07525    7.9448
14:18:46    68.50595    0.07485    7.9449
14:19:04    68.54005    0.07545    7.945 
14:15:48    69.0901     0.07525    7.9449
14:16:08    68.56275    0.07525    7.9451
14:12:49    69.0146     0.0753     7.9452
14:13:08    68.5208     0.07525    7.9451
14:09:47    69.19405    0.07535    7.9449
14:09:59    69.12345    0.07565    7.945 
14:07:42    69.07235    0.0754     7.9451
14:07:55    69.08035    0.07545    7.9448
14:05:40    69.11345    0.0753     7.9451
14:05:51    69.04055    0.07535    7.945 
14:02:50    69.0041     0.07535    7.945 
14:03:10    68.5641     0.07525    7.9449
13:59:47    69.0127     0.07545    7.9449
14:00:00    69.06445    0.07525    7.9449
13:56:47    69.0436     0.07495    7.9449
13:57:08    69.00275    0.07515    7.9449
13:53:50    68.43175    0.07565    7.9451
13:54:06    68.3929     0.07545    7.9449
13:50:51    68.4301     0.0756     7.945 
13:51:03    68.3807     0.07555    7.945 
13:48:43    68.5039     0.0754     7.9451
13:48:55    68.4728     0.0754     7.945 
13:46:42    68.50005    0.0754     7.9449
13:46:54    68.47525    0.0754     7.945 
13:44:43    69.14575    0.0756     7.945 
13:44:54    69.0214     0.0757     7.945 
13:42:42    69.0832     0.07535    7.9449
13:42:53    69.08       0.07535    7.9449
13:40:42    69.4337     0.0754     7.9449
13:40:54    69.4628     0.07545    7.9451
13:38:45    69.4752     0.0757     7.945 
13:38:55    69.4624     0.07575    7.945 
13:36:44    69.45145    0.07545    7.9449
13:36:56    69.42375    0.07545    7.9449
13:34:12    70.2012     0.07595    7.9449
13:34:23    70.19135    0.0759     7.945 
13:31:44    70.19545    0.0755     7.9449
13:31:54    70.1401     0.07555    7.945 
13:29:08    70.47       0.07535    7.945 
13:29:20    70.42525    0.0754     7.945 
13:26:42    70.4604     0.0757     7.9449
13:26:52    70.4858     0.0758     7.945 
13:24:42    70.56555    0.0755     7.9451
13:24:53    70.54135    0.07565    7.9451
13:22:43    70.53465    0.07565    7.945 
13:22:55    70.51365    0.07565    7.9449
13:19:49    70.59155    0.0755     7.9451
13:20:02    71.0106     0.07545    7.945 
13:17:50    70.52115    0.07555    7.9452
13:18:00    70.53535    0.0755     7.945 
13:14:45    70.32355    0.0754     7.9448
13:14:59    70.3615     0.075      7.9449
13:11:46    70.3913     0.07535    7.945 
13:12:00    70.3901     0.07545    7.9449
13:08:46    69.5843     0.07525    7.9451
13:09:07    70.0301     0.0745     7.9449
13:05:44    70.0934     0.07495    7.9451
13:06:01    70.08565    0.07475    7.9448
13:02:48    69.24095    0.0749     7.9448
13:03:07    69.25165    0.0751     7.9449
12:59:48    68.59525    0.07545    7.9448
12:59:59    68.5702     0.0749     7.945 
12:56:48    68.5442     0.0752     7.9451
12:57:09    68.57465    0.07495    7.9449
12:53:51    68.5531     0.07525    7.9449
12:54:12    68.53275    0.07525    7.945 
12:50:44    69.0024     0.0747     7.9449
12:51:04    68.5148     0.0752     7.945 
12:48:15    69.26145    0.07495    7.945 
12:48:33    69.2839     0.075      7.945 
12:44:46    69.27435    0.07515    7.9451
12:45:05    69.33595    0.0749     7.9449
12:41:46    69.27545    0.07455    7.9449
12:42:04    69.2534     0.07505    7.945 
12:38:47    70.0327     0.0748     7.9449
12:39:04    69.58495    0.07525    7.9449
12:35:43    70.31125    0.0747     7.9449
12:36:00    70.4211     0.0749     7.9449
12:32:47    70.3434     0.07545    7.9451
12:32:59    70.40275    0.07505    7.9451
12:29:49    70.5854     0.0755     7.945 
12:30:01    70.5615     0.07545    7.9449
12:26:47    70.5346     0.0754     7.9449
12:27:01    70.5015     0.0755     7.945 
12:24:40    70.54245    0.07545    7.945 
12:24:52    70.5313     0.0753     7.945 
12:22:41    70.59315    0.0753     7.9449
12:22:52    71.00565    0.07535    7.9449
12:20:41    70.57025    0.07565    7.9449
12:20:51    70.5545     0.0756     7.9449
12:18:42    70.4515     0.07545    7.9451
12:18:54    70.4053     0.07575    7.9449
12:16:40    70.45335    0.07545    7.945 
12:16:51    70.4434     0.07545    7.9448
12:14:40    70.1232     0.0756     7.9449
12:14:51    70.13065    0.07555    7.9449
12:12:41    70.20345    0.0756     7.945 
12:12:50    70.1352     0.0757     7.945 
12:10:42    70.1915     0.0753     7.9449
12:10:52    70.1247     0.07535    7.945 
12:08:36    69.47005    0.0755     7.945 
12:08:46    69.39065    0.0755     7.9449
12:06:44    69.45325    0.07595    7.9449
12:06:54    69.4044     0.07595    7.9449
12:04:44    69.0817     0.07565    7.945 
12:04:55    69.08065    0.07575    7.9448
12:02:37    69.1204     0.07535    7.945 
12:02:49    69.00555    0.07535    7.9447
12:00:46    69.10055    0.07545    7.9449
12:00:58    68.5655     0.07555    7.9449
11:58:40    69.11255    0.0756     7.9451
11:58:51    69.06505    0.07555    7.9449
11:56:43    68.55185    0.0755     7.945 
11:56:56    68.5306     0.07585    7.9448
11:54:46    68.5223     0.0753     7.945 
11:54:57    68.47185    0.07535    7.945 
11:52:43    68.51475    0.0754     7.9452
11:52:57    68.39195    0.0748     7.945 
11:49:47    68.4705     0.07565    7.9449
11:50:02    68.49       0.07555    7.9449
11:47:43    68.44085    0.0754     7.9449
11:47:56    68.4158     0.0754     7.9449
11:45:46    69.0056     0.0754     7.945 
11:45:59    68.5702     0.0749     7.945 
11:42:51    68.4944     0.07525    7.945 
11:43:11    68.55145    0.07525    7.945 
11:40:46    68.5853     0.0755     7.9448
11:40:59    68.5134     0.0748     7.9451
11:37:49    68.5359     0.0754     7.9447
11:38:03    68.562      0.07495    7.945 
11:34:49    68.55055    0.0754     7.9449
11:35:05    68.56355    0.07505    7.9449
11:31:48    68.5921     0.0754     7.9449
11:32:02    68.51265    0.07485    7.9448
11:29:46    68.5636     0.0755     7.945 
11:29:58    69.01145    0.0749     7.9448
11:26:49    69.00055    0.0754     7.9447
11:27:05    68.55175    0.0747     7.945 
11:23:49    68.5827     0.0755     7.9449
11:24:03    68.57505    0.07495    7.9449
11:20:48    68.55565    0.07545    7.945 
11:21:03    68.5736     0.07475    7.945 
11:17:47    68.5649     0.0755     7.9449
11:18:00    68.542      0.075      7.9448
11:14:48    68.57585    0.0754     7.945 
11:15:02    68.5501     0.0751     7.9449
11:11:49    69.0216     0.07525    7.9449
11:12:09    68.5819     0.07525    7.9448
11:09:08    68.54535    0.0751     7.9448
11:09:28    68.5416     0.0755     7.945 
11:06:41    69.0111     0.0747     7.9448
11:06:58    68.5613     0.0754     7.9449
11:03:51    69.01525    0.0755     7.9448
11:04:02    68.58195    0.07475    7.9449
11:00:43    69.03395    0.07505    7.9449
11:01:02    68.5342     0.07555    7.9448
10:58:41    70.4527     0.07585    7.9448
10:58:51    69.39145    0.07585    7.945 
10:55:44    69.015      0.0749     7.945 
10:56:01    69.02365    0.07545    7.9448
10:52:48    69.32205    0.0747     7.945 
10:53:04    69.3734     0.0753     7.9449
10:49:48    69.3532     0.07515    7.9449
10:50:07    69.26445    0.07515    7.9449
10:47:37    70.09555    0.0745     7.9449
10:47:54    70.14125    0.07495    7.9449
10:44:45    70.14595    0.07535    7.945 
10:45:00    70.08095    0.07465    7.9449
10:42:46    70.4608     0.07535    7.945 
10:42:59    70.44415    0.075      7.9448
10:39:46    70.5242     0.0753     7.9449
10:40:00    70.53575    0.0753     7.9448
10:36:49    70.5556     0.07555    7.945 
10:37:02    70.58235    0.0754     7.945 
10:34:45    70.58365    0.07565    7.9448
10:34:56    70.57235    0.07565    7.9448
10:32:40    70.58505    0.07555    7.945 
10:32:50    70.5435     0.0755     7.945 
10:30:45    71.02075    0.07585    7.9449
10:30:57    71.02295    0.07585    7.945 
10:28:46    70.48235    0.07535    7.9449
10:28:56    70.4844     0.07535    7.945 
10:26:43    70.46315    0.07575    7.9449
10:26:53    70.52025    0.07585    7.9447
10:24:44    70.21495    0.07555    7.945 
10:24:54    70.17535    0.07565    7.9449
10:22:46    70.2135     0.0755     7.945 
10:22:56    70.1842     0.07555    7.9449
10:19:41    70.19225    0.0753     7.9449
10:20:22    70.22595    0.07535    7.9448
10:17:45    69.4803     0.07555    7.9448
10:17:56    69.39065    0.07565    7.9447
10:15:41    69.47445    0.07555    7.945 
10:15:51    69.43195    0.0756     7.9449
10:13:47    69.1046     0.07545    7.9449
10:13:58    69.0601     0.0757     7.9448
10:11:44    69.13595    0.0757     7.9448
10:11:54    69.05175    0.0758     7.9448
10:09:44    68.49215    0.07555    7.9449
10:09:55    68.4621     0.0756     7.945 
10:07:45    68.56375    0.07555    7.9449
10:07:55    68.4954     0.0756     7.9448
10:05:44    68.51285    0.07595    7.9449
10:05:57    68.51025    0.07595    7.9448
10:02:47    68.5049     0.07565    7.9449
10:03:00    68.4518     0.0756     7.9449
09:59:50     69.01055    0.07535    7.9447
10:00:07    69.0003     0.075      7.9448
09:56:46     69.0437     0.0754     7.945 
09:57:00     69.0434     0.07515    7.9448
09:53:51     69.02225    0.0754     7.9447
09:54:06     69.0125     0.07505    7.9448
09:50:46     69.094      0.0753     7.945 
09:51:03     69.0212     0.07525    7.9449
09:48:42     68.5528     0.0742     7.9449
09:48:58     69.0012     0.07555    7.9449
09:45:49     69.04065    0.07545    7.9448
09:46:03     69.0258     0.075      7.9448
09:42:47     69.11065    0.0754     7.9449
09:43:05     69.0155     0.07525    7.9448
09:39:47     68.57495    0.0755     7.9448
09:40:01     69.05475    0.075      7.9448
09:36:45     69.0629     0.07545    7.9448
09:36:59     68.58565    0.07475    7.9446
09:33:46     68.5928     0.0754     7.9449
09:34:00     68.5747     0.0749     7.9448
09:31:12     68.58335    0.07475    7.9449
09:31:29     69.05165    0.0755     7.9447
09:27:42     69.0236     0.07455    7.9448
09:27:59     68.54525    0.07555    7.9449
09:25:16     69.0056     0.0754     7.9449
09:25:30     69.0111     0.0748     7.9449
09:21:47     68.56385    0.07545    7.9449
09:22:00     68.5821     0.07485    7.9448
09:19:47     68.59015    0.0755     7.945 
09:19:59     69.02455    0.075      7.9449
09:16:49     69.03045    0.0755     7.9449
09:17:04     69.0424     0.0748     7.9449
09:13:42     69.1025     0.0747     7.9449
09:13:59     69.03225    0.07545    7.9449
09:10:45     69.03025    0.07535    7.9449
09:11:06     69.00055    0.07525    7.945 
09:08:39     69.10005    0.07475    7.9448
09:08:56     69.00005    0.0755     7.9447
09:06:42     68.59455    0.0755     7.945 
09:06:54     69.003      0.0748     7.945 
09:04:45     69.05365    0.07545    7.9449
09:04:58     69.0344     0.07495    7.9448
09:02:42     69.0652     0.075      7.945 
09:02:58     68.57255    0.0755     7.945 
08:59:51     69.04285    0.0753     7.945 
09:00:08     68.59505    0.0752     7.9449
08:56:44     69.0414     0.07545    7.9447
08:57:01     68.5443     0.0755     7.9449
08:54:47     69.11405    0.0755     7.9448
08:54:58     69.03235    0.0749     7.945 
08:51:49     69.0237     0.0754     7.9449
08:52:04     68.59555    0.0751     7.945 
08:48:49     69.02115    0.07555    7.9449
08:49:02     68.58555    0.07495    7.945 
08:46:48     69.074      0.07545    7.9449
08:47:01     69.0102     0.0747     7.9447
08:43:41     69.07525    0.07515    7.9449
08:44:00     68.5621     0.07545    7.9449
08:41:38     69.08085    0.07465    7.9448
08:41:55     69.04275    0.07495    7.9449
08:38:48     69.0532     0.075      7.9448
08:39:07     69.03445    0.07535    7.9446
08:35:48     69.0713     0.07525    7.9449
08:36:07     69.0034     0.07525    7.9448
08:32:51     69.021      0.0754     7.9449
08:33:03     69.051      0.0749     7.9449
08:29:51     69.0206     0.0754     7.945 
08:30:06     69.01345    0.07495    7.9448
08:26:43     68.5922     0.0748     7.9449
08:27:01     69.0226     0.07555    7.9449
08:24:42     69.03425    0.07465    7.9448
08:24:59     69.07265    0.0755     7.9448
08:21:42     69.0403     0.0754     7.945 
08:21:59     69.00275    0.075      7.9447
08:19:47     69.06525    0.07555    7.9449
08:20:00     69.02145    0.07495    7.9447
08:17:46     69.07435    0.07555    7.9451
08:17:56     69.06365    0.0747     7.9449
08:14:47     69.07345    0.07535    7.9448
08:15:03     68.57285    0.07545    7.9448
08:11:49     69.04485    0.07535    7.9449
08:12:04     69.0548     0.07505    7.9446
08:09:43     69.09485    0.07555    7.9449
08:09:54     69.05345    0.07495    7.9449
08:07:47     69.0817     0.07555    7.9449
08:07:58     69.0513     0.0748     7.9449
08:04:50     69.0113     0.07545    7.9449
08:05:06     69.0508     0.0755     7.9449
08:01:41     69.1255     0.07475    7.9447
08:01:59     69.0333     0.0754     7.9449
07:58:48     69.0807     0.0755     7.9449
07:59:03     69.1003     0.07485    7.9448
07:55:50     69.1131     0.07545    7.9449
07:56:03     69.0437     0.07505    7.9448
07:52:43     69.02565    0.07475    7.9449
07:53:00     69.0006     0.07545    7.9448
07:49:46     68.5828     0.0755     7.9449
07:49:59     69.03065    0.07495    7.9447
07:46:48     69.03195    0.0755     7.945 
07:47:02     68.5757     0.0749     7.9448
07:44:41     69.0753     0.07545    7.9448
07:44:54     69.0118     0.0748     7.9448
07:42:46     69.0835     0.07545    7.9449
07:42:58     69.0006     0.07505    7.9449
07:40:42     69.0347     0.0746     7.9448
07:40:59     69.01315    0.07545    7.9448
07:37:48     69.08395    0.07535    7.9449
07:38:04     69.0811     0.0753     7.9449
07:34:49     69.0019     0.0755     7.9448
07:35:02     69.03365    0.0749     7.9449
07:32:38     69.0421     0.07475    7.9446
07:32:55     68.59515    0.07545    7.9449
07:30:45     69.0909     0.0755     7.945 
07:30:57     68.5828     0.07475    7.9449
07:27:50     69.0134     0.07545    7.9449
07:28:05     69.0707     0.075      7.945 
07:24:42     69.0338     0.07525    7.9448
07:25:02     69.03115    0.0754     7.9449
07:22:38     69.0733     0.075      7.945 
07:22:57     69.015      0.0755     7.9448
07:19:42     69.0841     0.0751     7.9449
07:20:01     68.54295    0.0755     7.945 
07:17:44     69.07565    0.0755     7.9449
07:17:57     69.0307     0.07495    7.9447
07:14:47     68.59215    0.07545    7.945 
07:15:02     69.0131     0.0749     7.945 
07:12:42     69.07255    0.0748     7.945 
07:12:59     69.03105    0.0754     7.9449
07:09:47     69.074      0.0754     7.9449
07:10:05     69.0645     0.0752     7.9449
07:06:47     69.0456     0.0753     7.945 
07:07:03     69.04035    0.0753     7.9449
07:04:45     69.02245    0.07545    7.945 
07:04:58     69.06295    0.07495    7.9447
07:02:47     69.0427     0.0755     7.9449
07:02:58     69.01355    0.075      7.945 
06:59:47     69.04215    0.0755     7.9449
07:00:00     69.0611     0.07515    7.9449
06:56:51     69.01045    0.0754     7.9449
06:57:08     69.02495    0.0753     7.945 
06:54:43     69.0412     0.07485    7.9449
06:55:01     69.0109     0.0755     7.9448
06:52:41     69.12025    0.0748     7.9448
06:52:59     69.0452     0.07545    7.9448
06:50:48     69.0729     0.07555    7.9449
06:51:02     68.5955     0.0752     7.9449
06:48:45     69.0844     0.0748     7.9449
06:49:02     69.0252     0.0754     7.9449
06:45:48     69.06465    0.07555    7.9449
06:46:00     69.02225    0.0749     7.9448
06:42:50     69.04035    0.0755     7.9449
06:43:04     69.0917     0.0751     7.9448
06:39:42     69.1111     0.0748     7.9449
06:39:59     69.06455    0.07535    7.9448
06:36:42     69.1116     0.0753     7.9449
06:37:00     69.0449     0.07525    7.9449
06:34:42     69.05005    0.075      7.9451
06:34:58     69.03015    0.07545    7.9449
06:31:49     69.06415    0.07545    7.9448
06:32:05     69.0149     0.07505    7.9448
06:28:45     69.0927     0.07495    7.9449
06:29:04     69.0302     0.0755     7.9448
06:25:48     69.1021     0.07555    7.9449
06:26:00     69.0725     0.0748     7.9448
06:22:48     69.07515    0.07545    7.9449
06:23:32     69.05205    0.075      7.9447
06:19:48     69.16195    0.0754     7.9449
06:20:08     69.05505    0.07525    7.9447
06:17:49     69.1302     0.0755     7.9447
06:18:03     69.0854     0.07485    7.9448
06:14:48     69.04335    0.0755     7.9451
06:15:01     69.1059     0.07505    7.9449
06:12:45     69.0534     0.07545    7.9447
06:12:57     69.03185    0.07515    7.9448
06:09:48     69.08085    0.07525    7.9449
06:10:07     69.0038     0.07525    7.945 
06:06:46     69.07155    0.0756     7.9448
06:06:59     68.59285    0.07495    7.9449
06:03:44     69.07575    0.0753     7.9449
06:04:03     69.01185    0.0753     7.9449
06:00:49     69.01525    0.0752     7.9451
06:01:10     69.03405    0.0755     7.945 
05:58:46     69.1533     0.0755     7.945 
05:58:59     69.0826     0.0751     7.9448
05:55:44     69.0243     0.07515    7.9448
05:56:05     69.02395    0.07535    7.945 
05:53:45     69.071      0.07555    7.9449
05:53:58     69.02235    0.07505    7.9447
05:50:49     69.10125    0.0755     7.9448
05:51:03     69.01165    0.07485    7.9449
05:47:48     69.10375    0.07545    7.9449
05:48:01     69.07505    0.0752     7.9449
05:44:46     69.09575    0.0755     7.9449
05:45:00     69.0551     0.07515    7.9448
05:41:48     69.0404     0.0754     7.9448
05:42:05     69.04       0.0752     7.9449
05:39:39     69.06415    0.0747     7.9448
05:39:56     69.0235     0.07555    7.9449
05:36:48     69.09555    0.07545    7.9449
05:37:04     69.0439     0.07505    7.9448
05:33:47     69.05565    0.0754     7.9448
05:34:04     69.0401     0.07505    7.9448
05:31:45     69.10245    0.07545    7.9449
05:31:58     69.0708     0.07495    7.9449
05:28:48     69.11115    0.0755     7.9449
05:29:00     69.0946     0.075      7.9448
05:26:45     69.0725     0.0755     7.9448
05:26:58     69.0906     0.0751     7.9449
05:23:47     69.0812     0.07535    7.945 
05:24:00     69.044      0.07515    7.9449
05:21:43     69.02125    0.07505    7.9448
05:22:01     69.003      0.0755     7.945 
05:18:43     69.0432     0.07505    7.9447
05:19:02     69.05465    0.0755     7.9448
05:15:42     69.08005    0.0752     7.9448
05:16:00     69.0649     0.07555    7.9449
05:12:50     69.0707     0.07525    7.9449
05:13:08     69.03035    0.07525    7.9448
05:09:50     69.06515    0.0755     7.945 
05:10:04     69.06005    0.07485    7.9448
05:06:47     69.07485    0.07555    7.9448
05:07:00     69.05095    0.0752     7.9448
05:04:43     69.01125    0.07555    7.9448
05:04:56     69.05585    0.0748     7.9449
05:02:49     69.07145    0.0755     7.945 
05:03:01     69.06       0.07485    7.945 
04:59:46     69.1339     0.0754     7.9449
04:59:59     68.5857     0.07525    7.9448
04:56:42     69.08245    0.0747     7.9449
04:56:59     69.022      0.0755     7.9449
04:53:44     69.05205    0.07495    7.9449
04:54:02     68.58595    0.07555    7.9448
04:51:44     69.02565    0.07475    7.9448
04:52:01     69.01505    0.0755     7.9448
04:48:42     69.03105    0.0751     7.9448
04:49:00     69.00055    0.07545    7.9447
04:45:46     69.0651     0.07525    7.9449
04:46:04     69.00595    0.07525    7.9449
04:42:48     69.0415     0.0754     7.945 
04:43:03     69.05405    0.07505    7.945 
04:39:44     69.0121     0.0747     7.945 
04:40:00     69.0653     0.07545    7.945 
04:36:45     69.0622     0.0746     7.9448
04:37:01     68.57375    0.0755     7.9447
04:33:50     69.0536     0.07545    7.9448
04:34:06     69.0438     0.07525    7.9448
04:30:49     69.094      0.0754     7.9449
04:31:02     69.0527     0.0753     7.9448
04:27:42     69.06205    0.07515    7.945 
04:28:00     69.0747     0.0754     7.9449
04:24:47     69.08245    0.07555    7.9449
04:24:59     69.0323     0.075      7.9447
04:21:49     69.02355    0.0755     7.945 
04:22:02     69.0401     0.0748     7.9449
04:18:49     69.04075    0.07545    7.9448
04:19:08     69.0343     0.07525    7.9449
04:15:43     69.0544     0.075      7.9449
04:16:01     69.02005    0.0755     7.9448
04:12:49     69.08465    0.07555    7.9449
04:13:00     68.5734     0.0749     7.9448
04:10:44     69.0541     0.0749     7.945 
04:11:02     69.0249     0.0754     7.9449
04:07:48     68.58505    0.0756     7.9449
04:08:02     69.0516     0.07495    7.9448
04:05:44     69.05145    0.07545    7.945 
04:06:00     69.0205     0.0751     7.9449
04:03:42     69.0549     0.0748     7.945 
04:03:58     69.0125     0.07545    7.9446
04:01:38     69.05245    0.07475    7.9448
04:01:55     69.01185    0.07545    7.9449
03:58:47     69.09215    0.07545    7.945 
03:59:35     68.59415    0.07545    7.9449
03:56:41     69.0254     0.0755     7.945 
03:56:54     69.0539     0.07515    7.945 
03:54:42     69.08325    0.0748     7.9448
03:54:58     69.00205    0.0754     7.9448
03:51:50     69.03245    0.07535    7.9449
03:52:04     69.02415    0.0753     7.9449
03:48:48     69.04115    0.07535    7.9449
03:49:04     69.0643     0.0756     7.9449
03:45:46     69.0343     0.07555    7.9447
03:45:59     69.04255    0.07515    7.9447
03:42:48     69.0714     0.0754     7.9448
03:43:02     69.05035    0.0753     7.9448
03:39:48     69.1137     0.0754     7.9449
03:40:03     69.07365    0.0751     7.9448
03:36:48     69.06535    0.07545    7.9451
03:37:04     69.0556     0.07525    7.9448
03:33:42     69.07405    0.07465    7.9449
03:33:59     69.07435    0.0756     7.9449
03:30:50     69.1055     0.0755     7.9449
03:31:01     69.0925     0.07485    7.9449
03:28:42     69.11145    0.0747     7.9449
03:28:58     69.0721     0.07545    7.9449
03:25:46     69.102      0.07545    7.9449
03:26:00     69.0542     0.0751     7.9448
03:22:48     68.59125    0.0754     7.9449
03:23:03     68.5738     0.07495    7.9449
03:19:47     68.5927     0.07555    7.9451
03:19:59     69.00335    0.0751     7.9448
03:16:47     68.59345    0.0754     7.9449
03:17:02     69.01335    0.07495    7.9449
03:14:41     69.02435    0.07555    7.9449
03:14:54     68.5601     0.0752     7.9449
03:12:49     69.0004     0.0755     7.9449
03:13:02     68.5553     0.07505    7.9449
03:10:42     69.042      0.07545    7.9449
03:10:56     69.0204     0.07505    7.945 
03:08:42     69.11015    0.0747     7.9449
03:08:58     69.07495    0.07545    7.9447
03:05:49     68.56575    0.0748     7.9448
03:06:06     69.03025    0.07545    7.9448
03:02:50     68.5546     0.07545    7.9449
03:03:05     68.5541     0.075      7.9449
02:59:48     69.0437     0.07545    7.9449
03:00:01     68.57145    0.07515    7.9448
02:57:38     69.0625     0.0748     7.9447
02:57:55     68.5718     0.07545    7.9447
02:55:47     69.04515    0.0756     7.9449
02:56:01     69.01505    0.07485    7.9448
02:52:48     69.0356     0.0754     7.945 
02:53:03     69.0318     0.0751     7.9449
02:50:44     69.0545     0.07555    7.9447
02:50:57     69.00245    0.0752     7.9449
02:48:42     69.0831     0.0747     7.9448
02:48:58     69.0028     0.07555    7.9448
02:45:49     69.08395    0.07545    7.9449
02:46:06     69.0256     0.0755     7.9449
02:43:42     69.073      0.0747     7.945 
02:43:58     69.0246     0.07545    7.9449
02:40:51     69.115      0.0755     7.9448
02:41:02     69.05435    0.07515    7.9448
02:38:39     69.06415    0.07465    7.945 
02:38:56     69.01385    0.07565    7.9448
02:35:43     69.05155    0.07495    7.9448
02:36:03     69.03235    0.07545    7.9449
02:32:49     69.0251     0.0753     7.9449
02:33:05     68.56355    0.0753     7.9449
02:30:42     69.07135    0.07495    7.9448
02:31:01     68.57435    0.07555    7.9449
02:27:48     69.03225    0.0754     7.9448
02:28:01     68.59425    0.0752     7.9448
02:24:47     69.0814     0.0755     7.9449
02:24:59     68.5803     0.07505    7.9449
02:21:48     69.02515    0.0754     7.9448
02:22:02     69.0524     0.07505    7.9448
02:18:51     69.03085    0.0755     7.9449
02:19:03     69.0446     0.0749     7.9449
02:16:45     69.02085    0.0755     7.945 
02:17:00     69.06375    0.07495    7.9449
02:14:15     68.59475    0.07525    7.9451
02:14:36     69.02575    0.07535    7.9447
02:11:44     69.0621     0.0754     7.9449
02:11:57     68.58055    0.07505    7.9449
02:09:15     69.0142     0.0756     7.9448
02:09:28     69.0016     0.0751     7.9448
02:05:44     69.025      0.0756     7.9449
02:06:01     69.01035    0.0755     7.945 
02:03:44     68.5955     0.0755     7.9449
02:03:58     68.5938     0.075      7.9448
02:01:48     69.0457     0.07545    7.9449
02:02:02     69.0053     0.0752     7.9448
01:58:42     69.02125    0.07495    7.945 
01:59:29     69.03345    0.0756     7.945 
01:55:46     69.0448     0.07545    7.9448
01:56:00     68.5713     0.0751     7.9447
01:52:43     69.04105    0.0748     7.9449
01:53:01     68.58415    0.0754     7.9449
01:49:45     69.0437     0.07515    7.9449
01:50:05     68.59145    0.07545    7.9448
01:46:41     69.05425    0.0747     7.9449
01:46:59     69.01145    0.07545    7.9449
01:43:45     68.58045    0.0753     7.9448
01:44:01     68.58155    0.07525    7.9448
01:41:47     68.59005    0.0755     7.9448
01:42:02     68.57305    0.07505    7.9449
01:38:47     69.0358     0.07545    7.9448
01:39:01     69.004      0.0752     7.9451
01:36:48     69.03135    0.0756     7.9449
01:37:00     68.59475    0.0751     7.9449
01:33:45     68.5939     0.0748     7.9448
01:34:32     68.59195    0.0751     7.945 
01:30:48     69.01215    0.07475    7.9449
01:31:05     69.0234     0.0756     7.9449
01:27:49     68.57575    0.07515    7.9449
01:28:38     68.5749     0.07535    7.9449
01:24:47     69.0104     0.07555    7.9449
01:25:00     68.57155    0.07495    7.945 
01:21:50     68.59435    0.07535    7.945 
01:22:04     69.0046     0.0748     7.945 
01:18:43     69.0227     0.07485    7.9448
01:19:02     68.5934     0.0755     7.9448
01:15:43     69.03065    0.0747     7.9448
01:16:01     68.5648     0.07555    7.945 
01:12:49     69.05525    0.07545    7.9449
01:13:04     68.5704     0.0751     7.9449
01:09:49     69.0359     0.0755     7.9449
01:10:04     69.02025    0.0748     7.9449
01:06:43     69.06035    0.0747     7.9449
01:07:01     69.00435    0.07555    7.9451
01:03:49     69.0156     0.0752     7.9452
01:04:09     69.01155    0.0754     7.9449
01:00:50     68.5954     0.07525    7.9448
01:01:09     68.58445    0.07525    7.945 
00:57:46     68.57535    0.0747     7.9449
00:58:04     68.5119     0.0755     7.9449
00:54:48     68.551      0.07545    7.9449
00:55:02     68.5617     0.07515    7.9449
00:51:43     68.58575    0.07515    7.9448
00:52:03     68.5447     0.07555    7.9447
00:48:43     68.55415    0.075      7.9448
00:49:01     68.5758     0.07545    7.945 
00:45:47     68.56565    0.07555    7.9447
00:45:59     68.5501     0.07495    7.9448
00:42:44     68.49525    0.075      7.9448
00:43:03     68.5211     0.07545    7.9449
00:39:49     68.5944     0.07535    7.945 
00:40:04     68.56495    0.07485    7.9449
00:37:48     69.00385    0.07545    7.9449
00:38:02     68.54555    0.075      7.9449
00:34:48     68.55375    0.0752     7.9449
00:35:03     68.5553     0.0755     7.9448
00:31:45     68.53145    0.07545    7.945 
00:31:59     68.52145    0.07505    7.9449
00:28:49     68.53585    0.07545    7.9449
00:29:02     68.5059     0.07485    7.9449
00:25:50     68.53055    0.07535    7.945 
00:26:11     68.5127     0.07525    7.945 
00:22:50     68.5414     0.07535    7.9449
00:23:06     68.53195    0.075      7.9448
00:19:50     68.5333     0.07505    7.945 
00:20:10     68.4953     0.07535    7.9448
00:16:52     68.451      0.0752     7.9449
00:17:11     68.5223     0.0753     7.9449
00:13:50     68.55495    0.0755     7.9449
00:14:05     68.5156     0.07495    7.9448
00:10:51     68.4825     0.07515    7.9449
00:11:08     68.48475    0.07545    7.9449
00:07:47     68.53105    0.0755     7.945 
00:08:00     68.53405    0.07495    7.945 
00:04:50     68.48085    0.07495    7.945 
00:05:09     68.4834     0.07555    7.9451
00:01:44     68.5406     0.0749     7.9448
00:02:03     68.48335    0.07555    7.945 
